# timestamp tx ty tz qx qy qz qw
1671567362.01709962 0.37385079 -0.33203134 -1.43364668 0.00000000 0.00000000 0.00000000 1.00000000
1671567362.06713867 0.37659103 -0.33430105 -1.43394470 0.00000000 0.00000000 0.00000000 1.00000000
1671567362.11719632 0.37895760 -0.33628389 -1.43396163 0.00000000 0.00000000 0.00000000 1.00000000
1671567362.16708875 0.38205963 -0.33759835 -1.43382990 0.00000000 0.00000000 0.00000000 1.00000000
1671567362.22592831 0.38572791 -0.33835831 -1.43364465 0.00000000 0.00000000 0.00000000 1.00000000
1671567362.26817107 0.38889062 -0.33904707 -1.43260777 0.00000000 0.00000000 0.00000000 1.00000000
1671567362.31712747 0.39165375 -0.33966663 -1.43099606 0.00000000 0.00000000 0.00000000 1.00000000
1671567362.36734200 0.39454532 -0.34004584 -1.43014729 0.00000000 0.00000000 0.00000000 1.00000000
1671567362.41720986 0.39751107 -0.34020421 -1.42994690 0.00000000 0.00000000 0.00000000 1.00000000
1671567362.46728086 0.40008083 -0.34034672 -1.42923081 0.00000000 0.00000000 0.00000000 1.00000000
1671567362.51725769 0.40231189 -0.34047028 -1.42811537 0.00000000 0.00000000 0.00000000 1.00000000
1671567362.56735277 0.40280953 -0.33967325 -1.42746377 0.00000000 0.00000000 0.00000000 1.00000000
1671567362.61724305 0.40183058 -0.33812058 -1.42716825 0.00000000 0.00000000 0.00000000 1.00000000
1671567362.66732121 0.40092885 -0.33674285 -1.42683685 0.00000000 0.00000000 0.00000000 1.00000000
1671567362.71735978 0.40009236 -0.33551300 -1.42646945 0.00000000 0.00000000 0.00000000 1.00000000
1671567362.77528739 0.39873752 -0.33440849 -1.42627037 0.00000000 0.00000000 0.00000000 1.00000000
1671567362.82429910 0.39693975 -0.33339635 -1.42626226 0.00000000 0.00000000 0.00000000 1.00000000
1671567362.86747241 0.39526978 -0.33248532 -1.42537189 0.00000000 0.00000000 0.00000000 1.00000000
1671567362.91740417 0.39374989 -0.33166674 -1.42387164 0.00000000 0.00000000 0.00000000 1.00000000
1671567362.96748829 0.39276370 -0.33110064 -1.42162907 0.00000000 0.00000000 0.00000000 1.00000000
1671567363.01741457 0.39218262 -0.33072358 -1.41886377 0.00000000 0.00000000 0.00000000 1.00000000
1671567363.06757331 0.39156064 -0.33036298 -1.41579068 0.00000000 0.00000000 0.00000000 1.00000000
1671567363.11683583 0.39091954 -0.33003548 -1.41251957 0.00000000 0.00000000 0.00000000 1.00000000
1671567363.16761732 0.38896981 -0.32941917 -1.40968060 0.00000000 0.00000000 0.00000000 1.00000000
1671567363.21695089 0.38593072 -0.32854739 -1.40721905 0.00000000 0.00000000 0.00000000 1.00000000
1671567363.28034329 0.38313961 -0.32775593 -1.40553641 0.00000000 0.00000000 0.00000000 1.00000000
1671567363.32287216 0.38058177 -0.32704601 -1.40444779 0.00000000 0.00000000 0.00000000 1.00000000
1671567363.36693001 0.37962756 -0.32568073 -1.40300155 0.00000000 0.00000000 0.00000000 1.00000000
1671567363.41689992 0.37995684 -0.32376319 -1.40130186 0.00000000 0.00000000 0.00000000 1.00000000
1671567363.46688271 0.38010839 -0.32202482 -1.39996207 0.00000000 0.00000000 0.00000000 1.00000000
1671567363.51700974 0.38011223 -0.32045111 -1.39893520 0.00000000 0.00000000 0.00000000 1.00000000
1671567363.56790781 0.38070142 -0.31885925 -1.39741230 0.00000000 0.00000000 0.00000000 1.00000000
1671567363.61697578 0.38176519 -0.31723198 -1.39550555 0.00000000 0.00000000 0.00000000 1.00000000
1671567363.66711235 0.38257739 -0.31572911 -1.39348984 0.00000000 0.00000000 0.00000000 1.00000000
1671567363.71707439 0.38316730 -0.31434062 -1.39145422 0.00000000 0.00000000 0.00000000 1.00000000
1671567363.77306938 0.38275564 -0.31464010 -1.38900125 0.00000000 0.00000000 0.00000000 1.00000000
1671567363.82803011 0.38150290 -0.31628114 -1.38625133 0.00000000 0.00000000 0.00000000 1.00000000
1671567363.87008023 0.38029158 -0.31764984 -1.38388252 0.00000000 0.00000000 0.00000000 1.00000000
1671567363.91711402 0.37909278 -0.31879702 -1.38189673 0.00000000 0.00000000 0.00000000 1.00000000
1671567363.96720600 0.37868080 -0.32056028 -1.37901974 0.00000000 0.00000000 0.00000000 1.00000000
1671567364.01712561 0.37888351 -0.32279527 -1.37550962 0.00000000 0.00000000 0.00000000 1.00000000
1671567364.06728935 0.37891906 -0.32471335 -1.37132561 0.00000000 0.00000000 0.00000000 1.00000000
1671567364.11726213 0.37879771 -0.32635641 -1.36670125 0.00000000 0.00000000 0.00000000 1.00000000
1671567364.16734219 0.37842625 -0.32902777 -1.36201239 0.00000000 0.00000000 0.00000000 1.00000000
1671567364.21733665 0.37783104 -0.33249396 -1.35738194 0.00000000 0.00000000 0.00000000 1.00000000
1671567364.26731586 0.37718043 -0.33550641 -1.35281539 0.00000000 0.00000000 0.00000000 1.00000000
1671567364.32030392 0.37647051 -0.33812872 -1.34837639 0.00000000 0.00000000 0.00000000 1.00000000
1671567364.37467051 0.37647340 -0.34195143 -1.34437740 0.00000000 0.00000000 0.00000000 1.00000000
1671567364.41673756 0.37700218 -0.34670892 -1.34080625 0.00000000 0.00000000 0.00000000 1.00000000
1671567364.46675372 0.37730923 -0.35087666 -1.33860576 0.00000000 0.00000000 0.00000000 1.00000000
1671567364.51673222 0.37741962 -0.35455459 -1.33751297 0.00000000 0.00000000 0.00000000 1.00000000
1671567364.56757021 0.37836248 -0.35773870 -1.33790243 0.00000000 0.00000000 0.00000000 1.00000000
1671567364.61672497 0.37994027 -0.36046869 -1.33949161 0.00000000 0.00000000 0.00000000 1.00000000
1671567364.66675544 0.38116804 -0.36286137 -1.34023106 0.00000000 0.00000000 0.00000000 1.00000000
1671567364.71777630 0.38211185 -0.36497581 -1.34030950 0.00000000 0.00000000 0.00000000 1.00000000
1671567364.76685381 0.38294420 -0.36751255 -1.34083962 0.00000000 0.00000000 0.00000000 1.00000000
1671567364.82494116 0.38365203 -0.37035924 -1.34173894 0.00000000 0.00000000 0.00000000 1.00000000
1671567364.86974216 0.38411996 -0.37285790 -1.34240544 0.00000000 0.00000000 0.00000000 1.00000000
1671567364.91697860 0.38438994 -0.37507743 -1.34288943 0.00000000 0.00000000 0.00000000 1.00000000
1671567364.96694136 0.38506296 -0.37722474 -1.34401083 0.00000000 0.00000000 0.00000000 1.00000000
1671567365.01704788 0.38601807 -0.37926894 -1.34565997 0.00000000 0.00000000 0.00000000 1.00000000
1671567365.06703949 0.38669246 -0.38108689 -1.34662557 0.00000000 0.00000000 0.00000000 1.00000000
1671567365.11691308 0.38714254 -0.38271666 -1.34705865 0.00000000 0.00000000 0.00000000 1.00000000
1671567365.16706753 0.38723117 -0.38498685 -1.34737861 0.00000000 0.00000000 0.00000000 1.00000000
1671567365.21699047 0.38697913 -0.38774148 -1.34762216 0.00000000 0.00000000 0.00000000 1.00000000
1671567365.26702976 0.38658741 -0.39018181 -1.34740317 0.00000000 0.00000000 0.00000000 1.00000000
1671567365.31709671 0.38608381 -0.39234754 -1.34684300 0.00000000 0.00000000 0.00000000 1.00000000
1671567365.37407470 0.38440457 -0.39490533 -1.34742332 0.00000000 0.00000000 0.00000000 1.00000000
1671567365.43008065 0.38175198 -0.39774010 -1.34892786 0.00000000 0.00000000 0.00000000 1.00000000
1671567365.46716237 0.37924451 -0.40024954 -1.34909570 0.00000000 0.00000000 0.00000000 1.00000000
1671567365.51718736 0.37685889 -0.40249372 -1.34823167 0.00000000 0.00000000 0.00000000 1.00000000
1671567365.56725836 0.37464148 -0.40410605 -1.34842563 0.00000000 0.00000000 0.00000000 1.00000000
1671567365.61658359 0.37256736 -0.40514034 -1.34945726 0.00000000 0.00000000 0.00000000 1.00000000
1671567365.66653848 0.37050825 -0.40608907 -1.34946883 0.00000000 0.00000000 0.00000000 1.00000000
1671567365.71662307 0.36851376 -0.40694454 -1.34866750 0.00000000 0.00000000 0.00000000 1.00000000
1671567365.76650286 0.36711159 -0.40968534 -1.34816301 0.00000000 0.00000000 0.00000000 1.00000000
1671567365.81664371 0.36619046 -0.41389382 -1.34794116 0.00000000 0.00000000 0.00000000 1.00000000
1671567365.87962866 0.36517960 -0.41757983 -1.34701836 0.00000000 0.00000000 0.00000000 1.00000000
1671567365.92371750 0.36409697 -0.42084765 -1.34557557 0.00000000 0.00000000 0.00000000 1.00000000
1671567365.96664691 0.36414313 -0.42482576 -1.34465349 0.00000000 0.00000000 0.00000000 1.00000000
1671567366.01972222 0.36499479 -0.42938441 -1.34428942 0.00000000 0.00000000 0.00000000 1.00000000
1671567366.06666517 0.36568516 -0.43327522 -1.34309912 0.00000000 0.00000000 0.00000000 1.00000000
1671567366.11676049 0.36604857 -0.43678942 -1.34151077 0.00000000 0.00000000 0.00000000 1.00000000
1671567366.16676712 0.36620140 -0.43991756 -1.33894336 0.00000000 0.00000000 0.00000000 1.00000000
1671567366.21686506 0.36459875 -0.44457260 -1.33666611 0.00000000 0.00000000 0.00000000 1.00000000
1671567366.26681304 0.36301935 -0.44864249 -1.33380234 0.00000000 0.00000000 0.00000000 1.00000000
1671567366.31692624 0.36145008 -0.45223001 -1.33052790 0.00000000 0.00000000 0.00000000 1.00000000
1671567366.37284255 0.36044875 -0.45651525 -1.32677913 0.00000000 0.00000000 0.00000000 1.00000000
1671567366.42877674 0.35986570 -0.46126348 -1.32271826 0.00000000 0.00000000 0.00000000 1.00000000
1671567366.46978784 0.35913086 -0.46541908 -1.31844366 0.00000000 0.00000000 0.00000000 1.00000000
1671567366.55685401 0.35758698 -0.47037718 -1.31234908 0.00000000 0.00000000 0.00000000 1.00000000
1671567366.56799698 0.35730380 -0.47127131 -1.31052697 0.00000000 0.00000000 0.00000000 1.00000000
1671567366.61798930 0.35780355 -0.47890538 -1.30412972 0.00000000 0.00000000 0.00000000 1.00000000
1671567366.66797256 0.35848522 -0.48694012 -1.29863131 0.00000000 0.00000000 0.00000000 1.00000000
1671567366.72601986 0.35889828 -0.49396315 -1.29364586 0.00000000 0.00000000 0.00000000 1.00000000
1671567366.77323508 0.35945147 -0.50102240 -1.28951836 0.00000000 0.00000000 0.00000000 1.00000000
1671567366.81806588 0.36009359 -0.50801009 -1.28592801 0.00000000 0.00000000 0.00000000 1.00000000
1671567366.86813736 0.36045668 -0.51411498 -1.28253937 0.00000000 0.00000000 0.00000000 1.00000000
1671567366.91815305 0.36059463 -0.51948822 -1.27899790 0.00000000 0.00000000 0.00000000 1.00000000
1671567366.96818018 0.36048847 -0.52541548 -1.27649307 0.00000000 0.00000000 0.00000000 1.00000000
1671567367.01820993 0.36015582 -0.53166407 -1.27470601 0.00000000 0.00000000 0.00000000 1.00000000
1671567367.06825757 0.35965472 -0.53712744 -1.27290344 0.00000000 0.00000000 0.00000000 1.00000000
1671567367.11828303 0.35903263 -0.54192162 -1.27077162 0.00000000 0.00000000 0.00000000 1.00000000
1671567367.16838384 0.35867214 -0.54840666 -1.26895094 0.00000000 0.00000000 0.00000000 1.00000000
1671567367.21761155 0.35849804 -0.55612683 -1.26671553 0.00000000 0.00000000 0.00000000 1.00000000
1671567367.26834941 0.35813838 -0.56286055 -1.26436722 0.00000000 0.00000000 0.00000000 1.00000000
1671567367.31773782 0.35764298 -0.56878489 -1.26195097 0.00000000 0.00000000 0.00000000 1.00000000
1671567367.36763573 0.35737291 -0.57503051 -1.26001632 0.00000000 0.00000000 0.00000000 1.00000000
1671567367.41769314 0.35724089 -0.58140439 -1.25818372 0.00000000 0.00000000 0.00000000 1.00000000
1671567367.46769691 0.35692325 -0.58693582 -1.25631547 0.00000000 0.00000000 0.00000000 1.00000000
1671567367.51778722 0.35647169 -0.59177279 -1.25398517 0.00000000 0.00000000 0.00000000 1.00000000
1671567367.56865525 0.35633492 -0.59651464 -1.25216007 0.00000000 0.00000000 0.00000000 1.00000000
1671567367.61780500 0.35642496 -0.60102904 -1.25098884 0.00000000 0.00000000 0.00000000 1.00000000
1671567367.66784596 0.35630566 -0.60483903 -1.24982047 0.00000000 0.00000000 0.00000000 1.00000000
1671567367.71788335 0.35603917 -0.60804302 -1.24860120 0.00000000 0.00000000 0.00000000 1.00000000
1671567367.76790810 0.35590631 -0.61291528 -1.24818015 0.00000000 0.00000000 0.00000000 1.00000000
1671567367.81794810 0.35589570 -0.61898810 -1.24830937 0.00000000 0.00000000 0.00000000 1.00000000
1671567367.86812305 0.35569894 -0.62418932 -1.24820387 0.00000000 0.00000000 0.00000000 1.00000000
1671567367.91789699 0.35535231 -0.62869161 -1.24811041 0.00000000 0.00000000 0.00000000 1.00000000
1671567367.96789598 0.35502332 -0.63490742 -1.24947178 0.00000000 0.00000000 0.00000000 1.00000000
1671567368.01792240 0.35468361 -0.64243239 -1.25148296 0.00000000 0.00000000 0.00000000 1.00000000
1671567368.06792998 0.35422555 -0.64899808 -1.25294971 0.00000000 0.00000000 0.00000000 1.00000000
1671567368.11793065 0.35363030 -0.65479481 -1.25425935 0.00000000 0.00000000 0.00000000 1.00000000
1671567368.16804123 0.35406137 -0.66127533 -1.25680995 0.00000000 0.00000000 0.00000000 1.00000000
1671567368.21796608 0.35537359 -0.66818148 -1.25998878 0.00000000 0.00000000 0.00000000 1.00000000
1671567368.26815724 0.35644069 -0.67421901 -1.26253891 0.00000000 0.00000000 0.00000000 1.00000000
1671567368.31806731 0.35729426 -0.67953026 -1.26431870 0.00000000 0.00000000 0.00000000 1.00000000
1671567368.36818123 0.35779801 -0.68530887 -1.26653850 0.00000000 0.00000000 0.00000000 1.00000000
1671567368.41819000 0.35800660 -0.69130337 -1.26801169 0.00000000 0.00000000 0.00000000 1.00000000
1671567368.46815920 0.35808286 -0.69646829 -1.26885235 0.00000000 0.00000000 0.00000000 1.00000000
1671567368.51768208 0.35805422 -0.70092660 -1.26928139 0.00000000 0.00000000 0.00000000 1.00000000
1671567368.56824875 0.35843658 -0.70693636 -1.27045906 0.00000000 0.00000000 0.00000000 1.00000000
1671567368.61775494 0.35915861 -0.71410143 -1.27194536 0.00000000 0.00000000 0.00000000 1.00000000
1671567368.66754436 0.35971060 -0.72033054 -1.27305686 0.00000000 0.00000000 0.00000000 1.00000000
1671567368.71769381 0.36007884 -0.72577548 -1.27331579 0.00000000 0.00000000 0.00000000 1.00000000
1671567368.76751423 0.36030120 -0.73027235 -1.27381468 0.00000000 0.00000000 0.00000000 1.00000000
1671567368.81764555 0.36038601 -0.73365599 -1.27458286 0.00000000 0.00000000 0.00000000 1.00000000
1671567368.86765647 0.35957822 -0.73680615 -1.27522683 0.00000000 0.00000000 0.00000000 1.00000000
1671567368.91770029 0.35912800 -0.73904848 -1.27531660 0.00000000 0.00000000 0.00000000 1.00000000
1671567368.96774125 0.36018735 -0.74214417 -1.27656794 0.00000000 0.00000000 0.00000000 1.00000000
1671567369.01772451 0.36101729 -0.74674082 -1.27800524 0.00000000 0.00000000 0.00000000 1.00000000
1671567369.06784964 0.36060557 -0.75015652 -1.27884483 0.00000000 0.00000000 0.00000000 1.00000000
1671567369.11772442 0.36054572 -0.75345021 -1.27912188 0.00000000 0.00000000 0.00000000 1.00000000
1671567369.16793346 0.35989779 -0.75652432 -1.28021920 0.00000000 0.00000000 0.00000000 1.00000000
1671567369.21772385 0.35733843 -0.75972295 -1.28217149 0.00000000 0.00000000 0.00000000 1.00000000
1671567369.26794147 0.35408008 -0.76285243 -1.28387344 0.00000000 0.00000000 0.00000000 1.00000000
1671567369.31784105 0.35126933 -0.76484233 -1.28492379 0.00000000 0.00000000 0.00000000 1.00000000
1671567369.36784434 0.34809807 -0.76726115 -1.28647065 0.00000000 0.00000000 0.00000000 1.00000000
1671567369.41786432 0.34384599 -0.76953471 -1.28826952 0.00000000 0.00000000 0.00000000 1.00000000
1671567369.46790123 0.34075084 -0.77095318 -1.28980589 0.00000000 0.00000000 0.00000000 1.00000000
1671567369.51794052 0.33753586 -0.77208221 -1.29113972 0.00000000 0.00000000 0.00000000 1.00000000
1671567369.56796861 0.33455881 -0.77550417 -1.29282010 0.00000000 0.00000000 0.00000000 1.00000000
1671567369.61805344 0.33363327 -0.78067398 -1.29387939 0.00000000 0.00000000 0.00000000 1.00000000
1671567369.66746664 0.33282363 -0.78469545 -1.29443645 0.00000000 0.00000000 0.00000000 1.00000000
1671567369.71765900 0.33144662 -0.78826201 -1.29430842 0.00000000 0.00000000 0.00000000 1.00000000
1671567369.76742768 0.33303261 -0.79331660 -1.29511905 0.00000000 0.00000000 0.00000000 1.00000000
1671567369.81786251 0.33628166 -0.79907548 -1.29603755 0.00000000 0.00000000 0.00000000 1.00000000
1671567369.86770773 0.33833334 -0.80458254 -1.29676187 0.00000000 0.00000000 0.00000000 1.00000000
1671567369.91775060 0.34056115 -0.80898631 -1.29767990 0.00000000 0.00000000 0.00000000 1.00000000
1671567369.96741390 0.34163424 -0.81585926 -1.29872417 0.00000000 0.00000000 0.00000000 1.00000000
1671567370.01786065 0.34070119 -0.82484525 -1.29878092 0.00000000 0.00000000 0.00000000 1.00000000
1671567370.06829596 0.34038427 -0.83219504 -1.29861355 0.00000000 0.00000000 0.00000000 1.00000000
1671567370.11770463 0.34062204 -0.83867848 -1.29776716 0.00000000 0.00000000 0.00000000 1.00000000
1671567370.16758108 0.33924288 -0.84607327 -1.29724634 0.00000000 0.00000000 0.00000000 1.00000000
1671567370.21773982 0.33706427 -0.85395330 -1.29701388 0.00000000 0.00000000 0.00000000 1.00000000
1671567370.26769114 0.33537719 -0.86071414 -1.29677582 0.00000000 0.00000000 0.00000000 1.00000000
1671567370.31783152 0.33382922 -0.86622047 -1.29603279 0.00000000 0.00000000 0.00000000 1.00000000
1671567370.36765242 0.33211035 -0.87420392 -1.29572570 0.00000000 0.00000000 0.00000000 1.00000000
1671567370.41790462 0.33041766 -0.88385063 -1.29585028 0.00000000 0.00000000 0.00000000 1.00000000
1671567370.46768689 0.32865694 -0.89197242 -1.29590058 0.00000000 0.00000000 0.00000000 1.00000000
1671567370.51761532 0.32698524 -0.89903980 -1.29714978 0.00000000 0.00000000 0.00000000 1.00000000
1671567370.56792927 0.32563344 -0.90666276 -1.29931903 0.00000000 0.00000000 0.00000000 1.00000000
1671567370.61777782 0.32409528 -0.91479713 -1.30256426 0.00000000 0.00000000 0.00000000 1.00000000
1671567370.66773438 0.32229495 -0.92152363 -1.30564153 0.00000000 0.00000000 0.00000000 1.00000000
1671567370.71792817 0.31986043 -0.92700922 -1.30794001 0.00000000 0.00000000 0.00000000 1.00000000
1671567370.76784348 0.31725180 -0.93372852 -1.30952752 0.00000000 0.00000000 0.00000000 1.00000000
1671567370.81799030 0.31453294 -0.94156909 -1.31051946 0.00000000 0.00000000 0.00000000 1.00000000
1671567370.86792374 0.31111753 -0.94807053 -1.31092918 0.00000000 0.00000000 0.00000000 1.00000000
1671567370.91803217 0.30752048 -0.95376295 -1.31038916 0.00000000 0.00000000 0.00000000 1.00000000
1671567370.96750307 0.30319241 -0.96240371 -1.30799651 0.00000000 0.00000000 0.00000000 1.00000000
1671567371.01729012 0.29765740 -0.97323930 -1.30310810 0.00000000 0.00000000 0.00000000 1.00000000
1671567371.06755972 0.29147154 -0.98301059 -1.29668379 0.00000000 0.00000000 0.00000000 1.00000000
1671567371.11766839 0.28473356 -0.99253207 -1.28760147 0.00000000 0.00000000 0.00000000 1.00000000
1671567371.16740847 0.27606213 -1.00598872 -1.27620101 0.00000000 0.00000000 0.00000000 1.00000000
1671567371.21739101 0.26564816 -1.02236736 -1.26143050 0.00000000 0.00000000 0.00000000 1.00000000
1671567371.26757455 0.25430110 -1.03710628 -1.24395978 0.00000000 0.00000000 0.00000000 1.00000000
1671567371.31746340 0.24172001 -1.05054498 -1.22398531 0.00000000 0.00000000 0.00000000 1.00000000
1671567371.36744666 0.22656633 -1.06493139 -1.20063138 0.00000000 0.00000000 0.00000000 1.00000000
1671567371.41802263 0.20909308 -1.08001316 -1.17197573 0.00000000 0.00000000 0.00000000 1.00000000
1671567371.46761084 0.19102354 -1.09412849 -1.14163899 0.00000000 0.00000000 0.00000000 1.00000000
1671567371.51772618 0.17241195 -1.10732114 -1.10696197 0.00000000 0.00000000 0.00000000 1.00000000
1671567371.56761265 0.15490812 -1.12454307 -1.07028592 0.00000000 0.00000000 0.00000000 1.00000000
1671567371.61795592 0.13857616 -1.14523447 -1.03054237 0.00000000 0.00000000 0.00000000 1.00000000
1671567371.66773629 0.12159939 -1.16494322 -0.99042594 0.00000000 0.00000000 0.00000000 1.00000000
1671567371.71773624 0.10462252 -1.18392277 -0.94903243 0.00000000 0.00000000 0.00000000 1.00000000
1671567371.76776218 0.08833590 -1.20606971 -0.90736794 0.00000000 0.00000000 0.00000000 1.00000000
1671567371.81767344 0.07295980 -1.23051941 -0.86497319 0.00000000 0.00000000 0.00000000 1.00000000
1671567371.86754560 0.05854253 -1.25367928 -0.82277024 0.00000000 0.00000000 0.00000000 1.00000000
1671567371.91817236 0.04518542 -1.27623630 -0.77976900 0.00000000 0.00000000 0.00000000 1.00000000
1671567371.96775150 0.03439500 -1.30061901 -0.73611289 0.00000000 0.00000000 0.00000000 1.00000000
1671567372.01791811 0.02621455 -1.32649052 -0.68840837 0.00000000 0.00000000 0.00000000 1.00000000
1671567372.06780457 0.01964762 -1.35153246 -0.64051139 0.00000000 0.00000000 0.00000000 1.00000000
1671567372.11791563 0.01497129 -1.37597799 -0.59687287 0.00000000 0.00000000 0.00000000 1.00000000
1671567372.16789699 0.01318809 -1.40523267 -0.55490679 0.00000000 0.00000000 0.00000000 1.00000000
1671567372.21836877 0.01437285 -1.43812513 -0.51158726 0.00000000 0.00000000 0.00000000 1.00000000
1671567372.26709104 0.01759305 -1.47009432 -0.46795323 0.00000000 0.00000000 0.00000000 1.00000000
1671567372.31737280 0.02289081 -1.50149012 -0.42355445 0.00000000 0.00000000 0.00000000 1.00000000
1671567372.36727333 0.02990001 -1.53372216 -0.37962481 0.00000000 0.00000000 0.00000000 1.00000000
1671567372.41894937 0.03880720 -1.56656992 -0.33592778 0.00000000 0.00000000 0.00000000 1.00000000
1671567372.46722198 0.05028646 -1.59845483 -0.29293662 0.00000000 0.00000000 0.00000000 1.00000000
1671567372.51739550 0.06461345 -1.62999856 -0.24930324 0.00000000 0.00000000 0.00000000 1.00000000
1671567372.56820846 0.08324316 -1.66441453 -0.20516808 0.00000000 0.00000000 0.00000000 1.00000000
1671567372.61766481 0.10560664 -1.70011747 -0.16077471 0.00000000 0.00000000 0.00000000 1.00000000
1671567372.66731954 0.13104752 -1.73445618 -0.11611175 0.00000000 0.00000000 0.00000000 1.00000000
1671567372.71765637 0.15945238 -1.76729369 -0.06862319 0.00000000 0.00000000 0.00000000 1.00000000
1671567372.76742578 0.19351971 -1.79919267 -0.02054987 0.00000000 0.00000000 0.00000000 1.00000000
1671567372.81769037 0.23294792 -1.82972598 0.02930842 0.00000000 0.00000000 0.00000000 1.00000000
1671567372.86749434 0.27542517 -1.85805476 0.07896207 0.00000000 0.00000000 0.00000000 1.00000000
1671567372.91778994 0.32110241 -1.88420355 0.13014361 0.00000000 0.00000000 0.00000000 1.00000000
1671567372.96736479 0.37481755 -1.90734935 0.18044579 0.00000000 0.00000000 0.00000000 1.00000000
1671567373.01756024 0.43675116 -1.92786360 0.23209704 0.00000000 0.00000000 0.00000000 1.00000000
1671567373.06742740 0.50138479 -1.94626629 0.28328139 0.00000000 0.00000000 0.00000000 1.00000000
1671567373.11764407 0.56905252 -1.96250558 0.33364734 0.00000000 0.00000000 0.00000000 1.00000000
1671567373.16766167 0.64267075 -1.97242343 0.38281110 0.00000000 0.00000000 0.00000000 1.00000000
1671567373.21764946 0.72194433 -1.97657859 0.43274242 0.00000000 0.00000000 0.00000000 1.00000000
1671567373.26756406 0.80411589 -1.97926342 0.48248526 0.00000000 0.00000000 0.00000000 1.00000000
1671567373.31782317 0.88937116 -1.98047984 0.53410804 0.00000000 0.00000000 0.00000000 1.00000000
1671567373.36761951 0.97983736 -1.97919261 0.58514714 0.00000000 0.00000000 0.00000000 1.00000000
1671567373.41701770 1.07532060 -1.97537971 0.63689876 0.00000000 0.00000000 0.00000000 1.00000000
1671567373.46769381 1.17302883 -1.97016215 0.68803537 0.00000000 0.00000000 0.00000000 1.00000000
1671567373.51700711 1.27483737 -1.96349657 0.74211794 0.00000000 0.00000000 0.00000000 1.00000000
1671567373.56780314 1.38098860 -1.95091152 0.79634643 0.00000000 0.00000000 0.00000000 1.00000000
1671567373.61704111 1.48849690 -1.93323505 0.84988850 0.00000000 0.00000000 0.00000000 1.00000000
1671567373.66709042 1.60042584 -1.91481757 0.90366364 0.00000000 0.00000000 0.00000000 1.00000000
1671567373.71716976 1.71584094 -1.89546704 0.95733380 0.00000000 0.00000000 0.00000000 1.00000000
1671567373.76707649 1.83568442 -1.87009859 1.01124084 0.00000000 0.00000000 0.00000000 1.00000000
1671567373.81737423 1.95984149 -1.83952963 1.06713045 0.00000000 0.00000000 0.00000000 1.00000000
1671567373.86706233 2.08739614 -1.80877531 1.12316966 0.00000000 0.00000000 0.00000000 1.00000000
1671567373.91734028 2.21838045 -1.77767503 1.18250883 0.00000000 0.00000000 0.00000000 1.00000000
1671567373.96834493 2.35145044 -1.73961926 1.24038184 0.00000000 0.00000000 0.00000000 1.00000000
1671567374.01757431 2.48466587 -1.69596100 1.29566848 0.00000000 0.00000000 0.00000000 1.00000000
1671567374.06718516 2.61997652 -1.65343785 1.34701300 0.00000000 0.00000000 0.00000000 1.00000000
1671567374.11765766 2.75982165 -1.61126649 1.39771008 0.00000000 0.00000000 0.00000000 1.00000000
1671567374.16713738 2.89615345 -1.56800139 1.44210660 0.00000000 0.00000000 0.00000000 1.00000000
1671567374.21740580 3.03111720 -1.52352870 1.48268235 0.00000000 0.00000000 0.00000000 1.00000000
1671567374.26724577 3.16881323 -1.47981489 1.51971781 0.00000000 0.00000000 0.00000000 1.00000000
1671567374.31756353 3.30897284 -1.43678439 1.55604839 0.00000000 0.00000000 0.00000000 1.00000000
1671567374.36733913 3.44929051 -1.39029431 1.58844435 0.00000000 0.00000000 0.00000000 1.00000000
1671567374.41751385 3.58973432 -1.34035003 1.61705554 0.00000000 0.00000000 0.00000000 1.00000000
1671567374.46734190 3.73096585 -1.29193044 1.64378309 0.00000000 0.00000000 0.00000000 1.00000000
1671567374.51761270 3.87563515 -1.24400723 1.66814077 0.00000000 0.00000000 0.00000000 1.00000000
1671567374.56763506 4.01919413 -1.19639695 1.68804407 0.00000000 0.00000000 0.00000000 1.00000000
1671567374.61768842 4.16186571 -1.14831817 1.70272696 0.00000000 0.00000000 0.00000000 1.00000000
1671567374.66782045 4.30692053 -1.10010576 1.71436989 0.00000000 0.00000000 0.00000000 1.00000000
1671567374.71677518 4.45429134 -1.05163300 1.72544265 0.00000000 0.00000000 0.00000000 1.00000000
1671567374.76682925 4.59969473 -1.00806856 1.73373950 0.00000000 0.00000000 0.00000000 1.00000000
1671567374.81703448 4.74377537 -0.96909827 1.73887682 0.00000000 0.00000000 0.00000000 1.00000000
1671567374.86691570 4.89057684 -0.92901206 1.74328709 0.00000000 0.00000000 0.00000000 1.00000000
1671567374.91698909 5.03809977 -0.88841689 1.74913156 0.00000000 0.00000000 0.00000000 1.00000000
1671567374.96680856 5.18840599 -0.84785479 1.75494301 0.00000000 0.00000000 0.00000000 1.00000000
1671567375.01690197 5.33964062 -0.80727214 1.76153898 0.00000000 0.00000000 0.00000000 1.00000000
1671567375.06687236 5.49246550 -0.76539242 1.76959205 0.00000000 0.00000000 0.00000000 1.00000000
1671567375.11698222 5.64662170 -0.72240776 1.77846599 0.00000000 0.00000000 0.00000000 1.00000000
1671567375.16703606 5.80189562 -0.67831242 1.78759909 0.00000000 0.00000000 0.00000000 1.00000000
1671567375.21698833 5.95174122 -0.63343501 1.79400718 0.00000000 0.00000000 0.00000000 1.00000000
1671567375.26714253 6.10284901 -0.58670217 1.80052102 0.00000000 0.00000000 0.00000000 1.00000000
1671567375.31716895 6.25474215 -0.53814715 1.80919325 0.00000000 0.00000000 0.00000000 1.00000000
1671567375.36706614 6.40467262 -0.49264434 1.82025051 0.00000000 0.00000000 0.00000000 1.00000000
1671567375.41704607 6.55320168 -0.45007572 1.83455396 0.00000000 0.00000000 0.00000000 1.00000000
1671567375.46734953 6.70263433 -0.40583092 1.85199916 0.00000000 0.00000000 0.00000000 1.00000000
1671567375.51706100 6.85101795 -0.36020863 1.87135136 0.00000000 0.00000000 0.00000000 1.00000000
1671567375.56743264 6.99861383 -0.31577790 1.89180291 0.00000000 0.00000000 0.00000000 1.00000000
1671567375.61722255 7.14714432 -0.27139568 1.91257823 0.00000000 0.00000000 0.00000000 1.00000000
1671567375.66722870 7.29630423 -0.22487146 1.93443048 0.00000000 0.00000000 0.00000000 1.00000000
1671567375.71717834 7.44762182 -0.17619446 1.95773232 0.00000000 0.00000000 0.00000000 1.00000000
1671567375.76730514 7.59768867 -0.12704231 1.98069203 0.00000000 0.00000000 0.00000000 1.00000000
1671567375.81736493 7.74746132 -0.07732012 2.00232935 0.00000000 0.00000000 0.00000000 1.00000000
1671567375.86735773 7.89618683 -0.02607327 2.02328563 0.00000000 0.00000000 0.00000000 1.00000000
1671567375.91672516 8.04672050 0.02794389 2.04276776 0.00000000 0.00000000 0.00000000 1.00000000
1671567375.96738362 8.19780636 0.08315405 2.06016588 0.00000000 0.00000000 0.00000000 1.00000000
1671567376.01663756 8.34922409 0.13767484 2.07504463 0.00000000 0.00000000 0.00000000 1.00000000
1671567376.06675744 8.50080204 0.19478905 2.08997583 0.00000000 0.00000000 0.00000000 1.00000000
1671567376.11655998 8.65253639 0.25412482 2.10505629 0.00000000 0.00000000 0.00000000 1.00000000
1671567376.16673827 8.80390263 0.31545916 2.11900139 0.00000000 0.00000000 0.00000000 1.00000000
1671567376.21679235 8.95469189 0.37800938 2.13071561 0.00000000 0.00000000 0.00000000 1.00000000
1671567376.26670051 9.10500336 0.44316834 2.14262700 0.00000000 0.00000000 0.00000000 1.00000000
1671567376.31675410 9.25447178 0.51040268 2.15471196 0.00000000 0.00000000 0.00000000 1.00000000
1671567376.36678600 9.40022278 0.57860458 2.16641212 0.00000000 0.00000000 0.00000000 1.00000000
1671567376.41687417 9.54332829 0.64859658 2.17709899 0.00000000 0.00000000 0.00000000 1.00000000
1671567376.46686935 9.68578053 0.72080290 2.18790603 0.00000000 0.00000000 0.00000000 1.00000000
1671567376.51691413 9.82752705 0.79472631 2.19892621 0.00000000 0.00000000 0.00000000 1.00000000
1671567376.56700349 9.96770096 0.86795896 2.20963860 0.00000000 0.00000000 0.00000000 1.00000000
1671567376.61686754 10.10513496 0.93650842 2.21971822 0.00000000 0.00000000 0.00000000 1.00000000
1671567376.66701937 10.24149323 1.00633097 2.23007441 0.00000000 0.00000000 0.00000000 1.00000000
1671567376.71709371 10.37666321 1.07717896 2.24183512 0.00000000 0.00000000 0.00000000 1.00000000
1671567376.76700759 10.50905895 1.14335120 2.25402904 0.00000000 0.00000000 0.00000000 1.00000000
1671567376.81694365 10.63664722 1.19541967 2.26464081 0.00000000 0.00000000 0.00000000 1.00000000
1671567376.86711431 10.76367855 1.24886155 2.27457118 0.00000000 0.00000000 0.00000000 1.00000000
1671567376.91707015 10.88987541 1.30280948 2.28417087 0.00000000 0.00000000 0.00000000 1.00000000
1671567376.96716738 11.01460266 1.35496783 2.29240084 0.00000000 0.00000000 0.00000000 1.00000000
1671567377.01704335 11.13581944 1.40036893 2.29882669 0.00000000 0.00000000 0.00000000 1.00000000
1671567377.06720829 11.25794125 1.44723666 2.30506206 0.00000000 0.00000000 0.00000000 1.00000000
1671567377.11730790 11.37949085 1.49523079 2.30986881 0.00000000 0.00000000 0.00000000 1.00000000
1671567377.16710854 11.49897289 1.54173803 2.31282091 0.00000000 0.00000000 0.00000000 1.00000000
1671567377.21649837 11.61835194 1.58545113 2.31394076 0.00000000 0.00000000 0.00000000 1.00000000
1671567377.26662612 11.73812580 1.63084078 2.31443334 0.00000000 0.00000000 0.00000000 1.00000000
1671567377.31656075 11.85572338 1.67652118 2.31372571 0.00000000 0.00000000 0.00000000 1.00000000
1671567377.36662745 11.97017956 1.72097766 2.31164169 0.00000000 0.00000000 0.00000000 1.00000000
1671567377.41654372 12.08173943 1.76144016 2.30698419 0.00000000 0.00000000 0.00000000 1.00000000
1671567377.46667671 12.19249153 1.80343997 2.30119729 0.00000000 0.00000000 0.00000000 1.00000000
1671567377.51660275 12.30208969 1.84712243 2.29457736 0.00000000 0.00000000 0.00000000 1.00000000
1671567377.56746387 12.41061306 1.89131010 2.28639579 0.00000000 0.00000000 0.00000000 1.00000000
1671567377.61672473 12.51803875 1.93387663 2.27635169 0.00000000 0.00000000 0.00000000 1.00000000
1671567377.66667676 12.62370205 1.97820544 2.26672530 0.00000000 0.00000000 0.00000000 1.00000000
1671567377.71672869 12.72756672 2.02422333 2.25659680 0.00000000 0.00000000 0.00000000 1.00000000
1671567377.76677680 12.82909298 2.07018781 2.24523950 0.00000000 0.00000000 0.00000000 1.00000000
1671567377.81680322 12.92725372 2.11339545 2.23210430 0.00000000 0.00000000 0.00000000 1.00000000
1671567377.86692786 13.02273464 2.15806484 2.21882129 0.00000000 0.00000000 0.00000000 1.00000000
1671567377.91678715 13.11736012 2.20437384 2.20490003 0.00000000 0.00000000 0.00000000 1.00000000
1671567377.96693420 13.20950603 2.25110841 2.19080853 0.00000000 0.00000000 0.00000000 1.00000000
1671567378.01684594 13.29850674 2.29686451 2.17697358 0.00000000 0.00000000 0.00000000 1.00000000
1671567378.06713676 13.38570023 2.34339023 2.16500354 0.00000000 0.00000000 0.00000000 1.00000000
1671567378.11695099 13.47083569 2.39064789 2.15361929 0.00000000 0.00000000 0.00000000 1.00000000
1671567378.16693735 13.55273438 2.43676209 2.14307594 0.00000000 0.00000000 0.00000000 1.00000000
1671567378.21688771 13.62971497 2.47903061 2.13429379 0.00000000 0.00000000 0.00000000 1.00000000
1671567378.26695681 13.70491409 2.52146697 2.12672520 0.00000000 0.00000000 0.00000000 1.00000000
1671567378.31702757 13.77826786 2.56446385 2.12015438 0.00000000 0.00000000 0.00000000 1.00000000
1671567378.36713672 13.84978485 2.60561085 2.11423635 0.00000000 0.00000000 0.00000000 1.00000000
1671567378.41705132 13.91855812 2.64035678 2.10701346 0.00000000 0.00000000 0.00000000 1.00000000
1671567378.46710825 13.98626328 2.67608523 2.09921169 0.00000000 0.00000000 0.00000000 1.00000000
1671567378.51718760 14.05239010 2.71208620 2.09222555 0.00000000 0.00000000 0.00000000 1.00000000
1671567378.56716180 14.11778545 2.74872255 2.08574176 0.00000000 0.00000000 0.00000000 1.00000000
1671567378.61649394 14.18412113 2.78702831 2.07945824 0.00000000 0.00000000 0.00000000 1.00000000
1671567378.66634321 14.24868107 2.82567739 2.07384443 0.00000000 0.00000000 0.00000000 1.00000000
1671567378.71633363 14.31122303 2.86401677 2.06880116 0.00000000 0.00000000 0.00000000 1.00000000
1671567378.76660609 14.37411690 2.90292835 2.06378317 0.00000000 0.00000000 0.00000000 1.00000000
1671567378.81643295 14.43616295 2.93947101 2.05820155 0.00000000 0.00000000 0.00000000 1.00000000
1671567378.86646461 14.49733257 2.97661400 2.05281043 0.00000000 0.00000000 0.00000000 1.00000000
1671567378.91655278 14.55735779 3.01379442 2.04615021 0.00000000 0.00000000 0.00000000 1.00000000
1671567378.96664214 14.61669540 3.04960966 2.03785062 0.00000000 0.00000000 0.00000000 1.00000000
1671567379.01653290 14.67614174 3.08196521 2.02793479 0.00000000 0.00000000 0.00000000 1.00000000
1671567379.06853676 14.73446274 3.11456633 2.01786971 0.00000000 0.00000000 0.00000000 1.00000000
1671567379.11669779 14.79156971 3.14744496 2.00858235 0.00000000 0.00000000 0.00000000 1.00000000
1671567379.16684771 14.84853935 3.17884302 1.99958503 0.00000000 0.00000000 0.00000000 1.00000000
1671567379.21659064 14.90704727 3.20549917 1.98972237 0.00000000 0.00000000 0.00000000 1.00000000
1671567379.26671791 14.96417904 3.23277831 1.98000991 0.00000000 0.00000000 0.00000000 1.00000000
1671567379.31666493 15.02007675 3.26036072 1.97147083 0.00000000 0.00000000 0.00000000 1.00000000
1671567379.36677504 15.07356644 3.28786397 1.96349251 0.00000000 0.00000000 0.00000000 1.00000000
1671567379.41677380 15.12457561 3.31570506 1.95446754 0.00000000 0.00000000 0.00000000 1.00000000
1671567379.46691203 15.17461395 3.34356093 1.94568026 0.00000000 0.00000000 0.00000000 1.00000000
1671567379.51685786 15.22363567 3.37165236 1.93771005 0.00000000 0.00000000 0.00000000 1.00000000
1671567379.56710768 15.27260303 3.39656448 1.93014526 0.00000000 0.00000000 0.00000000 1.00000000
1671567379.61695123 15.32296848 3.41274691 1.92228198 0.00000000 0.00000000 0.00000000 1.00000000
1671567379.66704917 15.37206268 3.43004394 1.91456842 0.00000000 0.00000000 0.00000000 1.00000000
1671567379.71697450 15.42004776 3.44810367 1.90711820 0.00000000 0.00000000 0.00000000 1.00000000
1671567379.76627159 15.46654892 3.46844435 1.89943099 0.00000000 0.00000000 0.00000000 1.00000000
1671567379.81633139 15.51105785 3.49390078 1.89006484 0.00000000 0.00000000 0.00000000 1.00000000
1671567379.86643434 15.55409908 3.51884890 1.88042438 0.00000000 0.00000000 0.00000000 1.00000000
1671567379.91624069 15.59652519 3.54390621 1.87126386 0.00000000 0.00000000 0.00000000 1.00000000
1671567379.96625757 15.63891315 3.56962824 1.86199105 0.00000000 0.00000000 0.00000000 1.00000000
1671567380.01635480 15.68312836 3.59695649 1.85192120 0.00000000 0.00000000 0.00000000 1.00000000
1671567380.06635094 15.72585964 3.62374902 1.84249532 0.00000000 0.00000000 0.00000000 1.00000000
1671567380.11634922 15.76686192 3.65003419 1.83293104 0.00000000 0.00000000 0.00000000 1.00000000
1671567380.16646647 15.80640697 3.67534852 1.82284832 0.00000000 0.00000000 0.00000000 1.00000000
1671567380.21636844 15.84512043 3.69933724 1.81023908 0.00000000 0.00000000 0.00000000 1.00000000
1671567380.26655030 15.88265896 3.72317672 1.79635572 0.00000000 0.00000000 0.00000000 1.00000000
1671567380.31654191 15.91836262 3.74612904 1.78213358 0.00000000 0.00000000 0.00000000 1.00000000
1671567380.36663532 15.95357037 3.76890421 1.76719832 0.00000000 0.00000000 0.00000000 1.00000000
1671567380.41664290 15.98943710 3.79195333 1.75244164 0.00000000 0.00000000 0.00000000 1.00000000
1671567380.46663499 16.02351952 3.81441760 1.73910737 0.00000000 0.00000000 0.00000000 1.00000000
1671567380.51656032 16.05585480 3.83623815 1.72743762 0.00000000 0.00000000 0.00000000 1.00000000
1671567380.56663847 16.08651543 3.85740733 1.71737647 0.00000000 0.00000000 0.00000000 1.00000000
1671567380.61675954 16.11465645 3.87730122 1.70479131 0.00000000 0.00000000 0.00000000 1.00000000
1671567380.66678047 16.14144897 3.89675403 1.69361889 0.00000000 0.00000000 0.00000000 1.00000000
1671567380.71667695 16.16716957 3.91576147 1.68331051 0.00000000 0.00000000 0.00000000 1.00000000
1671567380.76674557 16.19181061 3.93437696 1.67372775 0.00000000 0.00000000 0.00000000 1.00000000
1671567380.81676292 16.21626472 3.95358610 1.66589928 0.00000000 0.00000000 0.00000000 1.00000000
1671567380.86679363 16.23989868 3.97243381 1.66018176 0.00000000 0.00000000 0.00000000 1.00000000
1671567380.91678381 16.26281929 3.99100494 1.65461326 0.00000000 0.00000000 0.00000000 1.00000000
1671567380.96687722 16.28636360 4.00911903 1.64915538 0.00000000 0.00000000 0.00000000 1.00000000
1671567381.01688170 16.31229973 4.02637863 1.64377224 0.00000000 0.00000000 0.00000000 1.00000000
1671567381.06701756 16.33780098 4.04366589 1.63881803 0.00000000 0.00000000 0.00000000 1.00000000
1671567381.11686921 16.36318779 4.06107855 1.63492167 0.00000000 0.00000000 0.00000000 1.00000000
1671567381.16703248 16.38932610 4.07894993 1.63205063 0.00000000 0.00000000 0.00000000 1.00000000
1671567381.21626806 16.41742706 4.09745979 1.62945294 0.00000000 0.00000000 0.00000000 1.00000000
1671567381.26630902 16.44582748 4.11643696 1.62694430 0.00000000 0.00000000 0.00000000 1.00000000
1671567381.31609893 16.47451401 4.13573074 1.62537825 0.00000000 0.00000000 0.00000000 1.00000000
1671567381.36638212 16.50508690 4.15663242 1.62465680 0.00000000 0.00000000 0.00000000 1.00000000
1671567381.41624093 16.53788185 4.17919493 1.62398660 0.00000000 0.00000000 0.00000000 1.00000000
1671567381.46652293 16.57174492 4.20248795 1.62326276 0.00000000 0.00000000 0.00000000 1.00000000
1671567381.51636195 16.60660362 4.22641993 1.62310135 0.00000000 0.00000000 0.00000000 1.00000000
1671567381.56644416 16.64417076 4.24795294 1.62393069 0.00000000 0.00000000 0.00000000 1.00000000
1671567381.61645150 16.68706894 4.26169491 1.62589896 0.00000000 0.00000000 0.00000000 1.00000000
1671567381.66657257 16.73086929 4.27788353 1.62733734 0.00000000 0.00000000 0.00000000 1.00000000
1671567381.71638083 16.77574158 4.29646206 1.62934041 0.00000000 0.00000000 0.00000000 1.00000000
1671567381.76657534 16.82402611 4.31967545 1.63170040 0.00000000 0.00000000 0.00000000 1.00000000
1671567381.81653237 16.87891579 4.35124493 1.63396955 0.00000000 0.00000000 0.00000000 1.00000000
1671567381.86638975 16.93484306 4.38401747 1.63632727 0.00000000 0.00000000 0.00000000 1.00000000
1671567381.91647863 16.99150658 4.41780281 1.63935220 0.00000000 0.00000000 0.00000000 1.00000000
1671567381.96655726 17.05074883 4.45375681 1.64278746 0.00000000 0.00000000 0.00000000 1.00000000
1671567382.01660585 17.11544228 4.49354506 1.64619207 0.00000000 0.00000000 0.00000000 1.00000000
1671567382.06667256 17.18048477 4.53413248 1.64971352 0.00000000 0.00000000 0.00000000 1.00000000
1671567382.11659741 17.24598885 4.57547951 1.65298843 0.00000000 0.00000000 0.00000000 1.00000000
1671567382.16673827 17.31324577 4.61835957 1.65589845 0.00000000 0.00000000 0.00000000 1.00000000
1671567382.21673775 17.38404846 4.66401815 1.65846980 0.00000000 0.00000000 0.00000000 1.00000000
1671567382.26669765 17.45442009 4.70958376 1.66109455 0.00000000 0.00000000 0.00000000 1.00000000
1671567382.31595588 17.52559090 4.75588560 1.66460419 0.00000000 0.00000000 0.00000000 1.00000000
1671567382.36611032 17.59746933 4.80082321 1.66877699 0.00000000 0.00000000 0.00000000 1.00000000
1671567382.41613317 17.67064476 4.84150124 1.67262721 0.00000000 0.00000000 0.00000000 1.00000000
1671567382.46698380 17.74401474 4.88304090 1.67623436 0.00000000 0.00000000 0.00000000 1.00000000
1671567382.51599455 17.81761169 4.92536402 1.68027830 0.00000000 0.00000000 0.00000000 1.00000000
1671567382.56683636 17.89168358 4.96867895 1.68424201 0.00000000 0.00000000 0.00000000 1.00000000
1671567382.61614895 17.96685982 5.01340103 1.68757164 0.00000000 0.00000000 0.00000000 1.00000000
1671567382.66617179 18.04224777 5.05841970 1.69114137 0.00000000 0.00000000 0.00000000 1.00000000
1671567382.71617413 18.11771584 5.10381508 1.69480443 0.00000000 0.00000000 0.00000000 1.00000000
1671567382.76602459 18.19320679 5.14907646 1.69808841 0.00000000 0.00000000 0.00000000 1.00000000
1671567382.81618738 18.27147865 5.19547462 1.70019293 0.00000000 0.00000000 0.00000000 1.00000000
1671567382.86719275 18.35030365 5.24251556 1.70217896 0.00000000 0.00000000 0.00000000 1.00000000
1671567382.91632962 18.42755699 5.28891659 1.70490623 0.00000000 0.00000000 0.00000000 1.00000000
1671567382.96637034 18.50669670 5.33724070 1.70742297 0.00000000 0.00000000 0.00000000 1.00000000
1671567383.01643944 18.58920288 5.38911152 1.70783341 0.00000000 0.00000000 0.00000000 1.00000000
1671567383.06648469 18.67082977 5.44044018 1.70824111 0.00000000 0.00000000 0.00000000 1.00000000
1671567383.11630368 18.75181389 5.49128485 1.70960307 0.00000000 0.00000000 0.00000000 1.00000000
1671567383.16652131 18.83188629 5.54165554 1.71132350 0.00000000 0.00000000 0.00000000 1.00000000
1671567383.21645546 18.90976334 5.59035301 1.71328962 0.00000000 0.00000000 0.00000000 1.00000000
1671567383.26645303 18.98877335 5.63966513 1.71658480 0.00000000 0.00000000 0.00000000 1.00000000
1671567383.31649375 19.06663322 5.68820763 1.72028315 0.00000000 0.00000000 0.00000000 1.00000000
1671567383.36654091 19.14489937 5.73602962 1.72400546 0.00000000 0.00000000 0.00000000 1.00000000
1671567383.41662216 19.22518730 5.78211689 1.72778594 0.00000000 0.00000000 0.00000000 1.00000000
1671567383.46658731 19.30321312 5.82722712 1.73212755 0.00000000 0.00000000 0.00000000 1.00000000
1671567383.51666379 19.38286018 5.87374592 1.73720670 0.00000000 0.00000000 0.00000000 1.00000000
1671567383.56669307 19.45999908 5.91889381 1.74258065 0.00000000 0.00000000 0.00000000 1.00000000
1671567383.61596346 19.53372765 5.96122551 1.74713922 0.00000000 0.00000000 0.00000000 1.00000000
1671567383.66582942 19.60771751 6.00412560 1.75151551 0.00000000 0.00000000 0.00000000 1.00000000
1671567383.71591139 19.68107986 6.04702616 1.75604212 0.00000000 0.00000000 0.00000000 1.00000000
1671567383.76600146 19.75622368 6.08986807 1.76039100 0.00000000 0.00000000 0.00000000 1.00000000
1671567383.81595445 19.83361816 6.13033772 1.76434696 0.00000000 0.00000000 0.00000000 1.00000000
1671567383.86600852 19.91094017 6.17188835 1.76854944 0.00000000 0.00000000 0.00000000 1.00000000
1671567383.91616225 19.98835373 6.21426868 1.77255356 0.00000000 0.00000000 0.00000000 1.00000000
1671567383.96622825 20.06502724 6.25629330 1.77644658 0.00000000 0.00000000 0.00000000 1.00000000
1671567384.01606750 20.13942337 6.29630566 1.78162754 0.00000000 0.00000000 0.00000000 1.00000000
1671567384.06600404 20.21464348 6.33761883 1.78732038 0.00000000 0.00000000 0.00000000 1.00000000
1671567384.11614299 20.29059029 6.38005304 1.79320800 0.00000000 0.00000000 0.00000000 1.00000000
1671567384.16644764 20.36718941 6.42337608 1.79900956 0.00000000 0.00000000 0.00000000 1.00000000
1671567384.21617746 20.44272041 6.47095013 1.80562568 0.00000000 0.00000000 0.00000000 1.00000000
1671567384.26636648 20.51984787 6.51958513 1.81166553 0.00000000 0.00000000 0.00000000 1.00000000
1671567384.31625271 20.59780884 6.56869030 1.81801724 0.00000000 0.00000000 0.00000000 1.00000000
1671567384.36647463 20.67622757 6.61669683 1.82423019 0.00000000 0.00000000 0.00000000 1.00000000
1671567384.41628265 20.75473976 6.66117907 1.82941306 0.00000000 0.00000000 0.00000000 1.00000000
1671567384.46658683 20.83412743 6.70680189 1.83436298 0.00000000 0.00000000 0.00000000 1.00000000
1671567384.51632977 20.91429901 6.75350666 1.83884728 0.00000000 0.00000000 0.00000000 1.00000000
1671567384.56650066 20.99446869 6.80084848 1.84273803 0.00000000 0.00000000 0.00000000 1.00000000
1671567384.61648893 21.07378197 6.84819794 1.84599864 0.00000000 0.00000000 0.00000000 1.00000000
1671567384.66650224 21.15408707 6.89637899 1.84917271 0.00000000 0.00000000 0.00000000 1.00000000
1671567384.71643519 21.23524666 6.94547129 1.85204613 0.00000000 0.00000000 0.00000000 1.00000000
1671567384.76661325 21.31734085 6.99662685 1.85406351 0.00000000 0.00000000 0.00000000 1.00000000
1671567384.81647444 21.40067101 7.05183506 1.85428226 0.00000000 0.00000000 0.00000000 1.00000000
1671567384.86658740 21.48372078 7.10658073 1.85408556 0.00000000 0.00000000 0.00000000 1.00000000
1671567384.91584992 21.56801224 7.16201496 1.85490274 0.00000000 0.00000000 0.00000000 1.00000000
1671567384.96579933 21.65228271 7.21691179 1.85640073 0.00000000 0.00000000 0.00000000 1.00000000
1671567385.01589942 21.73865891 7.27208900 1.85760057 0.00000000 0.00000000 0.00000000 1.00000000
1671567385.06597042 21.82615471 7.32799339 1.85902190 0.00000000 0.00000000 0.00000000 1.00000000
1671567385.11587143 21.91302872 7.38351679 1.86052823 0.00000000 0.00000000 0.00000000 1.00000000
1671567385.16585183 21.99915504 7.43888617 1.86181033 0.00000000 0.00000000 0.00000000 1.00000000
1671567385.21599865 22.08594513 7.49565649 1.86312973 0.00000000 0.00000000 0.00000000 1.00000000
1671567385.26599550 22.17297745 7.55221415 1.86495543 0.00000000 0.00000000 0.00000000 1.00000000
1671567385.31617713 22.26012611 7.60854673 1.86677265 0.00000000 0.00000000 0.00000000 1.00000000
1671567385.36611390 22.34808731 7.66625690 1.86825430 0.00000000 0.00000000 0.00000000 1.00000000
1671567385.41611600 22.43817329 7.72806549 1.86917627 0.00000000 0.00000000 0.00000000 1.00000000
1671567385.46607780 22.52804375 7.78876162 1.87015986 0.00000000 0.00000000 0.00000000 1.00000000
1671567385.51622033 22.61762428 7.84859610 1.87142992 0.00000000 0.00000000 0.00000000 1.00000000
1671567385.56616831 22.70752525 7.90637970 1.87240648 0.00000000 0.00000000 0.00000000 1.00000000
1671567385.61615181 22.79881859 7.95983076 1.87240589 0.00000000 0.00000000 0.00000000 1.00000000
1671567385.66634846 22.88867950 8.01263142 1.87260008 0.00000000 0.00000000 0.00000000 1.00000000
1671567385.71622419 22.97884750 8.06575108 1.87272012 0.00000000 0.00000000 0.00000000 1.00000000
1671567385.76616573 23.06830025 8.11808109 1.87263227 0.00000000 0.00000000 0.00000000 1.00000000
1671567385.81617308 23.15664673 8.16856194 1.87176418 0.00000000 0.00000000 0.00000000 1.00000000
1671567385.86618924 23.24470139 8.21913433 1.87095237 0.00000000 0.00000000 0.00000000 1.00000000
1671567385.91627908 23.33250618 8.26965714 1.86946416 0.00000000 0.00000000 0.00000000 1.00000000
1671567385.96624088 23.42023087 8.32011127 1.86723769 0.00000000 0.00000000 0.00000000 1.00000000
1671567386.01633763 23.50858688 8.37011337 1.86482990 0.00000000 0.00000000 0.00000000 1.00000000
1671567386.06636739 23.59649086 8.42035389 1.86268187 0.00000000 0.00000000 0.00000000 1.00000000
1671567386.11637330 23.68400955 8.47079468 1.86011302 0.00000000 0.00000000 0.00000000 1.00000000
1671567386.16635180 23.77122307 8.52257633 1.85673678 0.00000000 0.00000000 0.00000000 1.00000000
1671567386.21643353 23.85851669 8.57743835 1.85276687 0.00000000 0.00000000 0.00000000 1.00000000
1671567386.26649737 23.94540215 8.63200283 1.84969592 0.00000000 0.00000000 0.00000000 1.00000000
1671567386.31650424 24.03110504 8.68589211 1.84804285 0.00000000 0.00000000 0.00000000 1.00000000
1671567386.36588407 24.11677933 8.74070549 1.84695172 0.00000000 0.00000000 0.00000000 1.00000000
1671567386.41584516 24.20093727 8.79708767 1.84629214 0.00000000 0.00000000 0.00000000 1.00000000
1671567386.46571589 24.28499794 8.85302448 1.84717977 0.00000000 0.00000000 0.00000000 1.00000000
1671567386.51583648 24.36910057 8.90852737 1.84886241 0.00000000 0.00000000 0.00000000 1.00000000
1671567386.56596923 24.45155334 8.96357536 1.85086727 0.00000000 0.00000000 0.00000000 1.00000000
1671567386.61608052 24.53372955 9.02070332 1.85252464 0.00000000 0.00000000 0.00000000 1.00000000
1671567386.66599655 24.61443901 9.07641602 1.85480797 0.00000000 0.00000000 0.00000000 1.00000000
1671567386.71607614 24.69633675 9.13200760 1.85770094 0.00000000 0.00000000 0.00000000 1.00000000
1671567386.76617455 24.77983856 9.18866539 1.86047113 0.00000000 0.00000000 0.00000000 1.00000000
1671567386.81592965 24.86729240 9.24928379 1.86309052 0.00000000 0.00000000 0.00000000 1.00000000
1671567386.86596251 24.95423698 9.30853558 1.86700833 0.00000000 0.00000000 0.00000000 1.00000000
1671567386.91584134 25.04072952 9.36657429 1.87081361 0.00000000 0.00000000 0.00000000 1.00000000
1671567386.96596336 25.12731171 9.42288971 1.87400436 0.00000000 0.00000000 0.00000000 1.00000000
1671567387.01600575 25.21488571 9.47611523 1.87534881 0.00000000 0.00000000 0.00000000 1.00000000
1671567387.06613803 25.30188560 9.52894592 1.87625921 0.00000000 0.00000000 0.00000000 1.00000000
1671567387.11607742 25.38825607 9.58125019 1.87613666 0.00000000 0.00000000 0.00000000 1.00000000
1671567387.16608953 25.47290611 9.63226318 1.87489784 0.00000000 0.00000000 0.00000000 1.00000000
1671567387.21615624 25.55681801 9.68268871 1.87269258 0.00000000 0.00000000 0.00000000 1.00000000
1671567387.26619864 25.64045143 9.73297691 1.87072694 0.00000000 0.00000000 0.00000000 1.00000000
1671567387.31626177 25.72385025 9.78297043 1.86967623 0.00000000 0.00000000 0.00000000 1.00000000
1671567387.36625028 25.80742455 9.83281517 1.86879385 0.00000000 0.00000000 0.00000000 1.00000000
1671567387.41626287 25.89190674 9.88256741 1.86627519 0.00000000 0.00000000 0.00000000 1.00000000
1671567387.46633840 25.97600174 9.93226624 1.86406708 0.00000000 0.00000000 0.00000000 1.00000000
1671567387.51636767 26.05975342 9.98198318 1.86295426 0.00000000 0.00000000 0.00000000 1.00000000
1671567387.56650639 26.14296532 10.03162193 1.86230338 0.00000000 0.00000000 0.00000000 1.00000000
1671567387.61560369 26.22569466 10.08089066 1.86104894 0.00000000 0.00000000 0.00000000 1.00000000
1671567387.66571927 26.30818748 10.13028145 1.86022818 0.00000000 0.00000000 0.00000000 1.00000000
1671567387.71571970 26.38960648 10.17939568 1.86046529 0.00000000 0.00000000 0.00000000 1.00000000
1671567387.76569080 26.47097015 10.22982407 1.86105490 0.00000000 0.00000000 0.00000000 1.00000000
1671567387.81567430 26.55033875 10.28185654 1.86092198 0.00000000 0.00000000 0.00000000 1.00000000
1671567387.86577702 26.62981987 10.33377552 1.86153400 0.00000000 0.00000000 0.00000000 1.00000000
1671567387.91586494 26.70945168 10.38556194 1.86409128 0.00000000 0.00000000 0.00000000 1.00000000
1671567387.96584129 26.78940582 10.43673897 1.86785591 0.00000000 0.00000000 0.00000000 1.00000000
1671567388.01599979 26.86954308 10.48657227 1.87078726 0.00000000 0.00000000 0.00000000 1.00000000
1671567388.06598663 26.94898987 10.53605175 1.87376904 0.00000000 0.00000000 0.00000000 1.00000000
1671567388.11586881 27.02940750 10.58613014 1.87706161 0.00000000 0.00000000 0.00000000 1.00000000
1671567388.16581273 27.11126137 10.63597870 1.88009763 0.00000000 0.00000000 0.00000000 1.00000000
1671567388.21592021 27.19672203 10.68520069 1.88343287 0.00000000 0.00000000 0.00000000 1.00000000
1671567388.26599669 27.28182983 10.73462296 1.88800418 0.00000000 0.00000000 0.00000000 1.00000000
1671567388.31605363 27.36663246 10.78412533 1.89296520 0.00000000 0.00000000 0.00000000 1.00000000
1671567388.36603832 27.44989014 10.83206749 1.89794290 0.00000000 0.00000000 0.00000000 1.00000000
1671567388.41600990 27.52944374 10.87597561 1.90225208 0.00000000 0.00000000 0.00000000 1.00000000
1671567388.46608639 27.60959625 10.92089081 1.90656948 0.00000000 0.00000000 0.00000000 1.00000000
1671567388.51608968 27.69016266 10.96656036 1.91275859 0.00000000 0.00000000 0.00000000 1.00000000
1671567388.56626439 27.77073860 11.01290607 1.91975737 0.00000000 0.00000000 0.00000000 1.00000000
1671567388.61618805 27.84987450 11.05952454 1.92508268 0.00000000 0.00000000 0.00000000 1.00000000
1671567388.66623664 27.93029404 11.10716724 1.93029058 0.00000000 0.00000000 0.00000000 1.00000000
1671567388.71550369 28.01116753 11.15526676 1.93594980 0.00000000 0.00000000 0.00000000 1.00000000
1671567388.76562667 28.09300423 11.20362473 1.94152713 0.00000000 0.00000000 0.00000000 1.00000000
1671567388.81548190 28.17672348 11.25175953 1.94551504 0.00000000 0.00000000 0.00000000 1.00000000
1671567388.86632752 28.26054764 11.30036163 1.94929898 0.00000000 0.00000000 0.00000000 1.00000000
1671567388.91546082 28.34453583 11.34933281 1.95272696 0.00000000 0.00000000 0.00000000 1.00000000
1671567388.96570110 28.42956734 11.39835358 1.95526898 0.00000000 0.00000000 0.00000000 1.00000000
1671567389.01555753 28.51732445 11.44674683 1.95587516 0.00000000 0.00000000 0.00000000 1.00000000
1671567389.06570172 28.60481071 11.49558067 1.95646679 0.00000000 0.00000000 0.00000000 1.00000000
1671567389.11558509 28.69112206 11.54429245 1.95774102 0.00000000 0.00000000 0.00000000 1.00000000
1671567389.16600370 28.77886391 11.59475899 1.95920956 0.00000000 0.00000000 0.00000000 1.00000000
1671567389.21587634 28.86487198 11.64534092 1.95997322 0.00000000 0.00000000 0.00000000 1.00000000
1671567389.26595545 28.95144463 11.69650555 1.96122777 0.00000000 0.00000000 0.00000000 1.00000000
1671567389.31581330 29.03771210 11.74778843 1.96322203 0.00000000 0.00000000 0.00000000 1.00000000
1671567389.36579561 29.12293053 11.80000591 1.96532428 0.00000000 0.00000000 0.00000000 1.00000000
1671567389.41582608 29.20603371 11.85406876 1.96718884 0.00000000 0.00000000 0.00000000 1.00000000
1671567389.46572852 29.28927612 11.90788460 1.96994221 0.00000000 0.00000000 0.00000000 1.00000000
1671567389.51579785 29.37261772 11.96151066 1.97229373 0.00000000 0.00000000 0.00000000 1.00000000
1671567389.56598020 29.45615196 12.01583099 1.97377622 0.00000000 0.00000000 0.00000000 1.00000000
1671567389.61583662 29.54027557 12.07197189 1.97410047 0.00000000 0.00000000 0.00000000 1.00000000
1671567389.66592956 29.62342453 12.12701797 1.97502267 0.00000000 0.00000000 0.00000000 1.00000000
1671567389.71591401 29.70751572 12.18216038 1.97497356 0.00000000 0.00000000 0.00000000 1.00000000
1671567389.76600528 29.79157639 12.23633862 1.97386086 0.00000000 0.00000000 0.00000000 1.00000000
1671567389.81597924 29.87522316 12.28845882 1.97161222 0.00000000 0.00000000 0.00000000 1.00000000
1671567389.86604524 29.95895576 12.34075642 1.96946311 0.00000000 0.00000000 0.00000000 1.00000000
1671567389.91535783 30.04282379 12.39315796 1.96783173 0.00000000 0.00000000 0.00000000 1.00000000
1671567389.96542931 30.12625885 12.44549942 1.96642590 0.00000000 0.00000000 0.00000000 1.00000000
1671567390.01530361 30.20838928 12.49750805 1.96511030 0.00000000 0.00000000 0.00000000 1.00000000
1671567390.06621909 30.29004860 12.54916477 1.96453643 0.00000000 0.00000000 0.00000000 1.00000000
1671567390.11524081 30.37291908 12.60151100 1.96600962 0.00000000 0.00000000 0.00000000 1.00000000
1671567390.16537952 30.45651627 12.65614891 1.96872652 0.00000000 0.00000000 0.00000000 1.00000000
1671567390.21546125 30.54141617 12.71660233 1.97102237 0.00000000 0.00000000 0.00000000 1.00000000
1671567390.26547194 30.62627029 12.77619839 1.97397530 0.00000000 0.00000000 0.00000000 1.00000000
1671567390.31551909 30.71113777 12.83504200 1.97717285 0.00000000 0.00000000 0.00000000 1.00000000
1671567390.36552167 30.79530334 12.89371395 1.98045015 0.00000000 0.00000000 0.00000000 1.00000000
1671567390.41551065 30.87714005 12.95284843 1.98437929 0.00000000 0.00000000 0.00000000 1.00000000
1671567390.46585560 30.95946312 13.01134872 1.98932827 0.00000000 0.00000000 0.00000000 1.00000000
1671567390.51577091 31.04212379 13.06933975 1.99473524 0.00000000 0.00000000 0.00000000 1.00000000
1671567390.56560397 31.12563896 13.12628269 2.00018740 0.00000000 0.00000000 0.00000000 1.00000000
1671567390.61567116 31.21380997 13.18333435 2.00473690 0.00000000 0.00000000 0.00000000 1.00000000
1671567390.66578460 31.30157471 13.23981190 2.00918841 0.00000000 0.00000000 0.00000000 1.00000000
1671567390.71566105 31.38896179 13.29588985 2.01334119 0.00000000 0.00000000 0.00000000 1.00000000
1671567390.76563454 31.47603607 13.35103512 2.01691270 0.00000000 0.00000000 0.00000000 1.00000000
1671567390.81569433 31.56263924 13.40464115 2.01986289 0.00000000 0.00000000 0.00000000 1.00000000
1671567390.86574984 31.64910889 13.45794201 2.02311778 0.00000000 0.00000000 0.00000000 1.00000000
1671567390.91564417 31.73451424 13.51055908 2.02760243 0.00000000 0.00000000 0.00000000 1.00000000
1671567390.96578360 31.81953812 13.56247425 2.03323913 0.00000000 0.00000000 0.00000000 1.00000000
1671567391.01586413 31.89849472 13.60972595 2.03921866 0.00000000 0.00000000 0.00000000 1.00000000
1671567391.06578565 31.97822762 13.65744400 2.04481721 0.00000000 0.00000000 0.00000000 1.00000000
1671567391.11588430 32.05854034 13.70564842 2.05155373 0.00000000 0.00000000 0.00000000 1.00000000
1671567391.16598082 32.13933945 13.75385666 2.05863070 0.00000000 0.00000000 0.00000000 1.00000000
1671567391.21518517 32.21875763 13.80045700 2.06389570 0.00000000 0.00000000 0.00000000 1.00000000
1671567391.26598144 32.30027390 13.84843349 2.06878686 0.00000000 0.00000000 0.00000000 1.00000000
1671567391.31526017 32.38299942 13.89734745 2.07373857 0.00000000 0.00000000 0.00000000 1.00000000
1671567391.36526299 32.46504593 13.94555759 2.07865906 0.00000000 0.00000000 0.00000000 1.00000000
1671567391.41528010 32.54689407 13.99265194 2.08303785 0.00000000 0.00000000 0.00000000 1.00000000
1671567391.46525383 32.62923813 14.04028225 2.08702636 0.00000000 0.00000000 0.00000000 1.00000000
1671567391.51531172 32.71205521 14.08837986 2.09148240 0.00000000 0.00000000 0.00000000 1.00000000
1671567391.56625676 32.79409790 14.13516903 2.09555745 0.00000000 0.00000000 0.00000000 1.00000000
1671567391.61549473 32.87667465 14.17967796 2.09733939 0.00000000 0.00000000 0.00000000 1.00000000
1671567391.66553378 32.95981598 14.22499943 2.09880662 0.00000000 0.00000000 0.00000000 1.00000000
1671567391.71543026 33.04337692 14.27112389 2.10093069 0.00000000 0.00000000 0.00000000 1.00000000
1671567391.76562023 33.12659073 14.31747246 2.10327697 0.00000000 0.00000000 0.00000000 1.00000000
1671567391.81562805 33.20842743 14.36318111 2.10520339 0.00000000 0.00000000 0.00000000 1.00000000
1671567391.86575556 33.29095459 14.40942860 2.10727882 0.00000000 0.00000000 0.00000000 1.00000000
1671567391.91550016 33.37400055 14.45620632 2.11020017 0.00000000 0.00000000 0.00000000 1.00000000
1671567391.96575785 33.45722961 14.50405502 2.11331511 0.00000000 0.00000000 0.00000000 1.00000000
1671567392.01562881 33.54003906 14.55377388 2.11571217 0.00000000 0.00000000 0.00000000 1.00000000
1671567392.06582427 33.62257767 14.60315514 2.11838150 0.00000000 0.00000000 0.00000000 1.00000000
1671567392.11563182 33.70640564 14.65318871 2.12150717 0.00000000 0.00000000 0.00000000 1.00000000
1671567392.16573477 33.79034424 14.70190430 2.12468719 0.00000000 0.00000000 0.00000000 1.00000000
1671567392.21566844 33.87387848 14.74719715 2.12700629 0.00000000 0.00000000 0.00000000 1.00000000
1671567392.26574278 33.95800018 14.79331589 2.12931442 0.00000000 0.00000000 0.00000000 1.00000000
1671567392.31560135 34.04257584 14.84013844 2.13205075 0.00000000 0.00000000 0.00000000 1.00000000
1671567392.36577034 34.12686920 14.88699055 2.13482213 0.00000000 0.00000000 0.00000000 1.00000000
1671567392.41584539 34.20986938 14.93286705 2.13653421 0.00000000 0.00000000 0.00000000 1.00000000
1671567392.46581793 34.29346848 14.97948742 2.13809609 0.00000000 0.00000000 0.00000000 1.00000000
1671567392.51518154 34.37771225 15.02681446 2.14110422 0.00000000 0.00000000 0.00000000 1.00000000
1671567392.56585193 34.46263885 15.07579803 2.14483953 0.00000000 0.00000000 0.00000000 1.00000000
1671567392.61510062 34.54830170 15.12826252 2.14805436 0.00000000 0.00000000 0.00000000 1.00000000
1671567392.66513610 34.63422775 15.18079472 2.15178752 0.00000000 0.00000000 0.00000000 1.00000000
1671567392.71521568 34.72043991 15.23341846 2.15625978 0.00000000 0.00000000 0.00000000 1.00000000
1671567392.76516318 34.80602646 15.28474903 2.16077352 0.00000000 0.00000000 0.00000000 1.00000000
1671567392.81522679 34.89595413 15.33620739 2.16444588 0.00000000 0.00000000 0.00000000 1.00000000
1671567392.86536360 34.98648453 15.38838577 2.16804481 0.00000000 0.00000000 0.00000000 1.00000000
1671567392.91529536 35.07598114 15.44008160 2.17107439 0.00000000 0.00000000 0.00000000 1.00000000
1671567392.96551156 35.16555786 15.49135399 2.17360592 0.00000000 0.00000000 0.00000000 1.00000000
1671567393.01544595 35.25481033 15.54079914 2.17688704 0.00000000 0.00000000 0.00000000 1.00000000
1671567393.06542659 35.34451294 15.59104252 2.18073702 0.00000000 0.00000000 0.00000000 1.00000000
1671567393.11532450 35.43384933 15.64154911 2.18416142 0.00000000 0.00000000 0.00000000 1.00000000
1671567393.16561675 35.52281570 15.69242764 2.18705344 0.00000000 0.00000000 0.00000000 1.00000000
1671567393.21549654 35.61153412 15.74700832 2.19037700 0.00000000 0.00000000 0.00000000 1.00000000
1671567393.26548648 35.69990921 15.80128098 2.19396186 0.00000000 0.00000000 0.00000000 1.00000000
1671567393.31544900 35.78798294 15.85536766 2.19810367 0.00000000 0.00000000 0.00000000 1.00000000
1671567393.36558270 35.87541199 15.90686321 2.20278978 0.00000000 0.00000000 0.00000000 1.00000000
1671567393.41546702 35.96139908 15.95203781 2.20802927 0.00000000 0.00000000 0.00000000 1.00000000
1671567393.46560240 36.04741287 15.99817657 2.21310401 0.00000000 0.00000000 0.00000000 1.00000000
1671567393.51555920 36.13335800 16.04517555 2.21681809 0.00000000 0.00000000 0.00000000 1.00000000
1671567393.56578088 36.21879578 16.09384155 2.21942925 0.00000000 0.00000000 0.00000000 1.00000000
1671567393.61554670 36.30609131 16.14793015 2.22241640 0.00000000 0.00000000 0.00000000 1.00000000
1671567393.66574693 36.39321518 16.20178986 2.22562218 0.00000000 0.00000000 0.00000000 1.00000000
1671567393.71562576 36.48019791 16.25525475 2.22853899 0.00000000 0.00000000 0.00000000 1.00000000
1671567393.76499462 36.56598663 16.30836105 2.23090577 0.00000000 0.00000000 0.00000000 1.00000000
1671567393.81492114 36.64880753 16.36120987 2.23312187 0.00000000 0.00000000 0.00000000 1.00000000
1671567393.86504769 36.73212051 16.41400719 2.23566723 0.00000000 0.00000000 0.00000000 1.00000000
1671567393.91504264 36.81570053 16.46670914 2.23776197 0.00000000 0.00000000 0.00000000 1.00000000
1671567393.96501565 36.89833832 16.51935005 2.23937058 0.00000000 0.00000000 0.00000000 1.00000000
1671567394.01499557 36.97814560 16.57152367 2.24042177 0.00000000 0.00000000 0.00000000 1.00000000
1671567394.06508255 37.05879211 16.62354088 2.24114776 0.00000000 0.00000000 0.00000000 1.00000000
1671567394.11516476 37.14020538 16.67555618 2.24115038 0.00000000 0.00000000 0.00000000 1.00000000
1671567394.16521740 37.22109985 16.72688484 2.24056220 0.00000000 0.00000000 0.00000000 1.00000000
1671567394.21520472 37.30264664 16.77797508 2.24056387 0.00000000 0.00000000 0.00000000 1.00000000
1671567394.26531553 37.38492584 16.82910919 2.24096131 0.00000000 0.00000000 0.00000000 1.00000000
1671567394.31530118 37.46709061 16.87981415 2.24152899 0.00000000 0.00000000 0.00000000 1.00000000
1671567394.36525202 37.55095673 16.93180656 2.24239588 0.00000000 0.00000000 0.00000000 1.00000000
1671567394.41523886 37.63719177 16.98668098 2.24320531 0.00000000 0.00000000 0.00000000 1.00000000
1671567394.46547580 37.72302628 17.04070282 2.24400568 0.00000000 0.00000000 0.00000000 1.00000000
1671567394.51525331 37.80831146 17.09392357 2.24388313 0.00000000 0.00000000 0.00000000 1.00000000
1671567394.56549597 37.89443970 17.14878464 2.24267840 0.00000000 0.00000000 0.00000000 1.00000000
1671567394.61525798 37.98006821 17.20675850 2.24030924 0.00000000 0.00000000 0.00000000 1.00000000
1671567394.66534615 38.06603241 17.26411438 2.23788285 0.00000000 0.00000000 0.00000000 1.00000000
1671567394.71541882 38.15231323 17.32082367 2.23572755 0.00000000 0.00000000 0.00000000 1.00000000
1671567394.76542330 38.23936844 17.37866974 2.23366404 0.00000000 0.00000000 0.00000000 1.00000000
1671567394.81547880 38.32767105 17.44062042 2.23083663 0.00000000 0.00000000 0.00000000 1.00000000
1671567394.86556268 38.41603088 17.50144196 2.22803068 0.00000000 0.00000000 0.00000000 1.00000000
1671567394.91559052 38.50439835 17.56128120 2.22508287 0.00000000 0.00000000 0.00000000 1.00000000
1671567394.96553755 38.59226227 17.62131310 2.22201896 0.00000000 0.00000000 0.00000000 1.00000000
1671567395.01558590 38.67830658 17.68257713 2.22001719 0.00000000 0.00000000 0.00000000 1.00000000
1671567395.06563950 38.76540375 17.74343872 2.21917629 0.00000000 0.00000000 0.00000000 1.00000000
1671567395.11562300 38.85264587 17.80348015 2.21934366 0.00000000 0.00000000 0.00000000 1.00000000
1671567395.16571069 38.94015884 17.86325455 2.22008300 0.00000000 0.00000000 0.00000000 1.00000000
1671567395.21490073 39.02821732 17.92424202 2.22106767 0.00000000 0.00000000 0.00000000 1.00000000
1671567395.26498556 39.11621475 17.98411179 2.22278571 0.00000000 0.00000000 0.00000000 1.00000000
1671567395.31490159 39.20425415 18.04297829 2.22372842 0.00000000 0.00000000 0.00000000 1.00000000
1671567395.36511159 39.29201889 18.10090256 2.22421837 0.00000000 0.00000000 0.00000000 1.00000000
1671567395.41504145 39.37933731 18.15773392 2.22524643 0.00000000 0.00000000 0.00000000 1.00000000
1671567395.46509552 39.46676636 18.21377373 2.22624922 0.00000000 0.00000000 0.00000000 1.00000000
1671567395.51505995 39.55407333 18.26912880 2.22747016 0.00000000 0.00000000 0.00000000 1.00000000
1671567395.56518435 39.64088058 18.32492447 2.22871614 0.00000000 0.00000000 0.00000000 1.00000000
1671567395.61528373 39.73050690 18.38523293 2.23087978 0.00000000 0.00000000 0.00000000 1.00000000
1671567395.66516352 39.81816483 18.44329643 2.23408341 0.00000000 0.00000000 0.00000000 1.00000000
1671567395.71507359 39.90654755 18.50090981 2.23751354 0.00000000 0.00000000 0.00000000 1.00000000
1671567395.76518369 39.99450684 18.55751038 2.24108195 0.00000000 0.00000000 0.00000000 1.00000000
1671567395.81517243 40.08142471 18.61314011 2.24465609 0.00000000 0.00000000 0.00000000 1.00000000
1671567395.86521840 40.16741943 18.66778946 2.24818254 0.00000000 0.00000000 0.00000000 1.00000000
1671567395.91548967 40.25435638 18.72257805 2.25183606 0.00000000 0.00000000 0.00000000 1.00000000
1671567395.96534657 40.34172440 18.77803802 2.25525618 0.00000000 0.00000000 0.00000000 1.00000000
1671567396.01532865 40.42611694 18.83342934 2.25835800 0.00000000 0.00000000 0.00000000 1.00000000
1671567396.06534815 40.51156235 18.88894081 2.26175785 0.00000000 0.00000000 0.00000000 1.00000000
1671567396.11538339 40.59722900 18.94402695 2.26520610 0.00000000 0.00000000 0.00000000 1.00000000
1671567396.16546106 40.68258667 19.00052834 2.26828480 0.00000000 0.00000000 0.00000000 1.00000000
1671567396.21545243 40.76670074 19.06144524 2.27152228 0.00000000 0.00000000 0.00000000 1.00000000
1671567396.26555872 40.85101318 19.12138939 2.27555966 0.00000000 0.00000000 0.00000000 1.00000000
1671567396.31557465 40.93560028 19.18029022 2.27987814 0.00000000 0.00000000 0.00000000 1.00000000
1671567396.36562872 41.02094269 19.23874664 2.28408742 0.00000000 0.00000000 0.00000000 1.00000000
1671567396.41471982 41.10802460 19.29756927 2.28727078 0.00000000 0.00000000 0.00000000 1.00000000
1671567396.46472836 41.19395065 19.35485649 2.29037356 0.00000000 0.00000000 0.00000000 1.00000000
1671567396.51494908 41.28055191 19.41158104 2.29360175 0.00000000 0.00000000 0.00000000 1.00000000
1671567396.56581283 41.36658096 19.46675491 2.29719830 0.00000000 0.00000000 0.00000000 1.00000000
1671567396.61487794 41.45128632 19.51983452 2.30164266 0.00000000 0.00000000 0.00000000 1.00000000
1671567396.66485667 41.53592682 19.57226944 2.30579543 0.00000000 0.00000000 0.00000000 1.00000000
1671567396.71500039 41.62046051 19.62389946 2.31098676 0.00000000 0.00000000 0.00000000 1.00000000
1671567396.76505613 41.70452881 19.67476082 2.31699443 0.00000000 0.00000000 0.00000000 1.00000000
1671567396.81505656 41.78720856 19.72488022 2.32293940 0.00000000 0.00000000 0.00000000 1.00000000
1671567396.86509371 41.87012482 19.77441216 2.32872748 0.00000000 0.00000000 0.00000000 1.00000000
1671567396.91509128 41.95325089 19.82330132 2.33475971 0.00000000 0.00000000 0.00000000 1.00000000
1671567396.96510267 42.03603363 19.87053490 2.34037924 0.00000000 0.00000000 0.00000000 1.00000000
1671567397.01508808 42.11756516 19.91420746 2.34447265 0.00000000 0.00000000 0.00000000 1.00000000
1671567397.06513882 42.19947815 19.95794678 2.34835005 0.00000000 0.00000000 0.00000000 1.00000000
1671567397.11516738 42.28083801 20.00134277 2.35200262 0.00000000 0.00000000 0.00000000 1.00000000
1671567397.16512179 42.36283112 20.04568863 2.35530138 0.00000000 0.00000000 0.00000000 1.00000000
1671567397.21515989 42.44390106 20.09075928 2.35700440 0.00000000 0.00000000 0.00000000 1.00000000
1671567397.26525307 42.52552414 20.13581085 2.35785317 0.00000000 0.00000000 0.00000000 1.00000000
1671567397.31521869 42.60760117 20.18092346 2.35861754 0.00000000 0.00000000 0.00000000 1.00000000
1671567397.36531281 42.69006729 20.22674561 2.35923934 0.00000000 0.00000000 0.00000000 1.00000000
1671567397.41527247 42.77315521 20.27388573 2.36040401 0.00000000 0.00000000 0.00000000 1.00000000
1671567397.46542025 42.85562515 20.32051468 2.36202645 0.00000000 0.00000000 0.00000000 1.00000000
1671567397.51465726 42.94000626 20.36827850 2.36391640 0.00000000 0.00000000 0.00000000 1.00000000
1671567397.56543326 43.02191162 20.41308212 2.36633611 0.00000000 0.00000000 0.00000000 1.00000000
1671567397.61455584 43.10233307 20.45274544 2.37025952 0.00000000 0.00000000 0.00000000 1.00000000
1671567397.66540766 43.18331528 20.49357414 2.37464786 0.00000000 0.00000000 0.00000000 1.00000000
1671567397.71470070 43.26472855 20.53542519 2.37911129 0.00000000 0.00000000 0.00000000 1.00000000
1671567397.76468658 43.34670639 20.57838821 2.38334703 0.00000000 0.00000000 0.00000000 1.00000000
1671567397.81491542 43.42925644 20.62286568 2.38644528 0.00000000 0.00000000 0.00000000 1.00000000
1671567397.86485744 43.51205063 20.66813850 2.38897371 0.00000000 0.00000000 0.00000000 1.00000000
1671567397.91479421 43.59440994 20.71355247 2.39188147 0.00000000 0.00000000 0.00000000 1.00000000
1671567397.96490717 43.67776108 20.76082802 2.39465332 0.00000000 0.00000000 0.00000000 1.00000000
1671567398.01487899 43.76066971 20.81068611 2.39549398 0.00000000 0.00000000 0.00000000 1.00000000
1671567398.06499934 43.84394073 20.86084366 2.39565945 0.00000000 0.00000000 0.00000000 1.00000000
1671567398.11494899 43.92756271 20.91125488 2.39608836 0.00000000 0.00000000 0.00000000 1.00000000
1671567398.16497564 44.01194382 20.96252823 2.39662004 0.00000000 0.00000000 0.00000000 1.00000000
1671567398.21495628 44.09722519 21.01565361 2.39770651 0.00000000 0.00000000 0.00000000 1.00000000
1671567398.26508522 44.18266296 21.06867409 2.39956713 0.00000000 0.00000000 0.00000000 1.00000000
1671567398.31504917 44.26824188 21.12156296 2.40150666 0.00000000 0.00000000 0.00000000 1.00000000
1671567398.36495137 44.35368347 21.17516518 2.40333796 0.00000000 0.00000000 0.00000000 1.00000000
1671567398.41495275 44.43876266 21.23083305 2.40469122 0.00000000 0.00000000 0.00000000 1.00000000
1671567398.46500659 44.52318573 21.28543854 2.40579748 0.00000000 0.00000000 0.00000000 1.00000000
1671567398.51498532 44.60863113 21.34013557 2.40781021 0.00000000 0.00000000 0.00000000 1.00000000
1671567398.56527209 44.69432831 21.39555931 2.41053796 0.00000000 0.00000000 0.00000000 1.00000000
1671567398.61508560 44.78070831 21.45340919 2.41338301 0.00000000 0.00000000 0.00000000 1.00000000
1671567398.66510201 44.86705017 21.51034546 2.41635036 0.00000000 0.00000000 0.00000000 1.00000000
1671567398.71519184 44.95335770 21.56652451 2.41861033 0.00000000 0.00000000 0.00000000 1.00000000
1671567398.76527405 45.03979874 21.62277603 2.42009139 0.00000000 0.00000000 0.00000000 1.00000000
1671567398.81458426 45.12642288 21.68019485 2.42056394 0.00000000 0.00000000 0.00000000 1.00000000
1671567398.86537147 45.21295929 21.73663902 2.42087245 0.00000000 0.00000000 0.00000000 1.00000000
1671567398.91443825 45.29949951 21.79223251 2.42153621 0.00000000 0.00000000 0.00000000 1.00000000
1671567398.96467185 45.38563919 21.84885788 2.42241955 0.00000000 0.00000000 0.00000000 1.00000000
1671567399.01471949 45.47457886 21.91194153 2.42348933 0.00000000 0.00000000 0.00000000 1.00000000
1671567399.06449509 45.56073761 21.97179031 2.42477894 0.00000000 0.00000000 0.00000000 1.00000000
1671567399.11464381 45.64933777 22.03168488 2.42631364 0.00000000 0.00000000 0.00000000 1.00000000
1671567399.16481614 45.73675919 22.08996964 2.42765594 0.00000000 0.00000000 0.00000000 1.00000000
1671567399.21466446 45.82336044 22.14759064 2.42929363 0.00000000 0.00000000 0.00000000 1.00000000
1671567399.26482749 45.90999985 22.20411491 2.43200541 0.00000000 0.00000000 0.00000000 1.00000000
1671567399.31474805 45.99673080 22.25963974 2.43455625 0.00000000 0.00000000 0.00000000 1.00000000
1671567399.36484241 46.08329773 22.31362534 2.43683934 0.00000000 0.00000000 0.00000000 1.00000000
1671567399.41483116 46.16850281 22.36471558 2.43874121 0.00000000 0.00000000 0.00000000 1.00000000
1671567399.46477985 46.25469208 22.41580391 2.44070363 0.00000000 0.00000000 0.00000000 1.00000000
1671567399.51495123 46.34098053 22.46647644 2.44297051 0.00000000 0.00000000 0.00000000 1.00000000
1671567399.56496310 46.42697906 22.51718712 2.44537449 0.00000000 0.00000000 0.00000000 1.00000000
1671567399.61476994 46.51197052 22.56863976 2.44793320 0.00000000 0.00000000 0.00000000 1.00000000
1671567399.66495085 46.59725571 22.61951256 2.45077157 0.00000000 0.00000000 0.00000000 1.00000000
1671567399.71490169 46.68291092 22.67005539 2.45411205 0.00000000 0.00000000 0.00000000 1.00000000
1671567399.76491141 46.76863861 22.72047997 2.45761371 0.00000000 0.00000000 0.00000000 1.00000000
1671567399.81491351 46.85416794 22.77141571 2.46051693 0.00000000 0.00000000 0.00000000 1.00000000
1671567399.86506009 46.93986511 22.82213402 2.46311378 0.00000000 0.00000000 0.00000000 1.00000000
1671567399.91500568 47.02494431 22.87223053 2.46591568 0.00000000 0.00000000 0.00000000 1.00000000
1671567399.96521354 47.11073303 22.92369652 2.46852541 0.00000000 0.00000000 0.00000000 1.00000000
1671567400.01511097 47.19580460 22.97761917 2.47106314 0.00000000 0.00000000 0.00000000 1.00000000
1671567400.06516981 47.28110123 23.03106117 2.47425103 0.00000000 0.00000000 0.00000000 1.00000000
1671567400.11512542 47.36666107 23.08405876 2.47813773 0.00000000 0.00000000 0.00000000 1.00000000
1671567400.16523647 47.45227814 23.13751602 2.48230267 0.00000000 0.00000000 0.00000000 1.00000000
1671567400.21433902 47.53789520 23.19267845 2.48555303 0.00000000 0.00000000 0.00000000 1.00000000
1671567400.26459026 47.62363052 23.24726105 2.48877215 0.00000000 0.00000000 0.00000000 1.00000000
1671567400.31443024 47.70945358 23.30125237 2.49194908 0.00000000 0.00000000 0.00000000 1.00000000
1671567400.36455941 47.79469299 23.35527039 2.49470305 0.00000000 0.00000000 0.00000000 1.00000000
1671567400.41451287 47.87832642 23.41039085 2.49579549 0.00000000 0.00000000 0.00000000 1.00000000
1671567400.46454835 47.96227646 23.46460342 2.49627018 0.00000000 0.00000000 0.00000000 1.00000000
1671567400.51470590 48.04647064 23.51793289 2.49726892 0.00000000 0.00000000 0.00000000 1.00000000
1671567400.56548357 48.12880707 23.57052422 2.49884653 0.00000000 0.00000000 0.00000000 1.00000000
1671567400.61465693 48.21187210 23.62616348 2.49929953 0.00000000 0.00000000 0.00000000 1.00000000
1671567400.66474009 48.29613495 23.68126869 2.49872279 0.00000000 0.00000000 0.00000000 1.00000000
1671567400.71474624 48.37984085 23.73495483 2.49834228 0.00000000 0.00000000 0.00000000 1.00000000
1671567400.76459336 48.46361542 23.78833389 2.49824572 0.00000000 0.00000000 0.00000000 1.00000000
1671567400.81468153 48.54698944 23.84282303 2.49979711 0.00000000 0.00000000 0.00000000 1.00000000
1671567400.86468172 48.62995529 23.89585686 2.50226283 0.00000000 0.00000000 0.00000000 1.00000000
1671567400.91485810 48.71405411 23.94847488 2.50573993 0.00000000 0.00000000 0.00000000 1.00000000
1671567400.96482372 48.79837418 24.00216484 2.50973248 0.00000000 0.00000000 0.00000000 1.00000000
1671567401.01485085 48.88261032 24.06002045 2.51307511 0.00000000 0.00000000 0.00000000 1.00000000
1671567401.06479955 48.96722412 24.11635971 2.51637721 0.00000000 0.00000000 0.00000000 1.00000000
1671567401.11487174 49.05217361 24.17133522 2.51895070 0.00000000 0.00000000 0.00000000 1.00000000
1671567401.16495967 49.13802719 24.22591209 2.52095222 0.00000000 0.00000000 0.00000000 1.00000000
1671567401.21488833 49.22558212 24.28149223 2.52298212 0.00000000 0.00000000 0.00000000 1.00000000
1671567401.26497650 49.31301880 24.33556366 2.52497959 0.00000000 0.00000000 0.00000000 1.00000000
1671567401.31421137 49.40021515 24.38841248 2.52651787 0.00000000 0.00000000 0.00000000 1.00000000
1671567401.36507416 49.48624802 24.43982315 2.52736783 0.00000000 0.00000000 0.00000000 1.00000000
1671567401.41428089 49.57254028 24.49088669 2.52771854 0.00000000 0.00000000 0.00000000 1.00000000
1671567401.46511078 49.65886307 24.54086304 2.52845526 0.00000000 0.00000000 0.00000000 1.00000000
1671567401.51425910 49.74509430 24.58995628 2.53015590 0.00000000 0.00000000 0.00000000 1.00000000
1671567401.56518173 49.83085632 24.63761330 2.53253722 0.00000000 0.00000000 0.00000000 1.00000000
1671567401.61443949 49.91538620 24.68258476 2.53519702 0.00000000 0.00000000 0.00000000 1.00000000
1671567401.66441703 50.00007248 24.72733116 2.53794622 0.00000000 0.00000000 0.00000000 1.00000000
1671567401.71444964 50.08495331 24.77200508 2.53991127 0.00000000 0.00000000 0.00000000 1.00000000
1671567401.76451635 50.17017365 24.81786919 2.54096913 0.00000000 0.00000000 0.00000000 1.00000000
1671567401.81446075 50.25602722 24.86701393 2.54116368 0.00000000 0.00000000 0.00000000 1.00000000
1671567401.86460710 50.34201431 24.91555023 2.54137373 0.00000000 0.00000000 0.00000000 1.00000000
1671567401.91456103 50.42814255 24.96367455 2.54067945 0.00000000 0.00000000 0.00000000 1.00000000
1671567401.96472573 50.51411057 25.01177025 2.53915691 0.00000000 0.00000000 0.00000000 1.00000000
1671567402.01453614 50.59875107 25.05980873 2.53777623 0.00000000 0.00000000 0.00000000 1.00000000
1671567402.06468844 50.68437958 25.10819244 2.53695703 0.00000000 0.00000000 0.00000000 1.00000000
1671567402.11455488 50.76922607 25.15600967 2.53688002 0.00000000 0.00000000 0.00000000 1.00000000
1671567402.16478682 50.85499954 25.20442200 2.53750849 0.00000000 0.00000000 0.00000000 1.00000000
1671567402.21465206 50.94071960 25.25403976 2.53837776 0.00000000 0.00000000 0.00000000 1.00000000
1671567402.26471925 51.02579117 25.30319023 2.53976870 0.00000000 0.00000000 0.00000000 1.00000000
1671567402.31478000 51.11022568 25.35173988 2.54218602 0.00000000 0.00000000 0.00000000 1.00000000
1671567402.36484909 51.19557953 25.40202332 2.54510117 0.00000000 0.00000000 0.00000000 1.00000000
1671567402.41469741 51.28093719 25.45534325 2.54747081 0.00000000 0.00000000 0.00000000 1.00000000
1671567402.46479440 51.36651230 25.50816345 2.55000186 0.00000000 0.00000000 0.00000000 1.00000000
1671567402.51484871 51.45220566 25.56105995 2.55344200 0.00000000 0.00000000 0.00000000 1.00000000
1671567402.56593227 51.53813553 25.61446381 2.55658960 0.00000000 0.00000000 0.00000000 1.00000000
1671567402.61494279 51.62411118 25.66899109 2.55999613 0.00000000 0.00000000 0.00000000 1.00000000
1671567402.66508770 51.71029282 25.72286606 2.56324506 0.00000000 0.00000000 0.00000000 1.00000000
1671567402.71498656 51.79663467 25.77620888 2.56746244 0.00000000 0.00000000 0.00000000 1.00000000
1671567402.76505327 51.88551712 25.83245468 2.57118583 0.00000000 0.00000000 0.00000000 1.00000000
1671567402.81499195 51.97636032 25.89098930 2.57542849 0.00000000 0.00000000 0.00000000 1.00000000
1671567402.86515808 52.06591034 25.94763184 2.58010793 0.00000000 0.00000000 0.00000000 1.00000000
1671567402.91512752 52.15587997 26.00360107 2.58478069 0.00000000 0.00000000 0.00000000 1.00000000
1671567402.96525502 52.24628067 26.05814934 2.58890319 0.00000000 0.00000000 0.00000000 1.00000000
1671567403.01522493 52.33698273 26.11154938 2.59290004 0.00000000 0.00000000 0.00000000 1.00000000
1671567403.06521893 52.42718887 26.16402817 2.59707999 0.00000000 0.00000000 0.00000000 1.00000000
1671567403.11453342 52.51704788 26.21573639 2.60027909 0.00000000 0.00000000 0.00000000 1.00000000
1671567403.16459250 52.60709381 26.26620102 2.60233116 0.00000000 0.00000000 0.00000000 1.00000000
1671567403.21459436 52.69721603 26.31559181 2.60397553 0.00000000 0.00000000 0.00000000 1.00000000
1671567403.26529717 52.78693008 26.36448669 2.60555267 0.00000000 0.00000000 0.00000000 1.00000000
1671567403.31456518 52.87625122 26.41296959 2.60728741 0.00000000 0.00000000 0.00000000 1.00000000
1671567403.36469173 52.96693420 26.46385384 2.60878253 0.00000000 0.00000000 0.00000000 1.00000000
1671567403.41466999 53.05856705 26.51673698 2.61006260 0.00000000 0.00000000 0.00000000 1.00000000
1671567403.46471143 53.14850616 26.56831551 2.61142659 0.00000000 0.00000000 0.00000000 1.00000000
1671567403.51477265 53.23870087 26.61980820 2.61359310 0.00000000 0.00000000 0.00000000 1.00000000
1671567403.56563282 53.32799149 26.67097282 2.61701560 0.00000000 0.00000000 0.00000000 1.00000000
1671567403.61471105 53.41878128 26.72331047 2.62160540 0.00000000 0.00000000 0.00000000 1.00000000
1671567403.66482830 53.50794220 26.77471542 2.62653422 0.00000000 0.00000000 0.00000000 1.00000000
1671567403.71477723 53.59639740 26.82584763 2.63164973 0.00000000 0.00000000 0.00000000 1.00000000
1671567403.76491952 53.68470001 26.87813568 2.63733602 0.00000000 0.00000000 0.00000000 1.00000000
1671567403.81486011 53.77193451 26.93065071 2.64330077 0.00000000 0.00000000 0.00000000 1.00000000
1671567403.86478853 53.85935593 26.98312187 2.64887452 0.00000000 0.00000000 0.00000000 1.00000000
1671567403.91493058 53.94617844 27.03523636 2.65356636 0.00000000 0.00000000 0.00000000 1.00000000
1671567403.96488643 54.03361511 27.08798218 2.65789032 0.00000000 0.00000000 0.00000000 1.00000000
