# timestamp tx ty tz qx qy qz qw
1679520711.20123529 -0.57509762 -0.73688400 -0.46944126 0.00000000 0.00000000 0.00000000 1.00000000
1679520711.25202107 -0.57991254 -0.73608363 -0.47199231 0.00000000 0.00000000 0.00000000 1.00000000
1679520711.30213594 -0.58430320 -0.73508656 -0.47435230 0.00000000 0.00000000 0.00000000 1.00000000
1679520711.35143399 -0.59038568 -0.73129135 -0.47706759 0.00000000 0.00000000 0.00000000 1.00000000
1679520711.40141153 -0.59615886 -0.72810614 -0.47978732 0.00000000 0.00000000 0.00000000 1.00000000
1679520711.45152307 -0.60128695 -0.72455812 -0.48184687 0.00000000 0.00000000 0.00000000 1.00000000
1679520711.50149155 -0.60663909 -0.72067213 -0.48373067 0.00000000 0.00000000 0.00000000 1.00000000
1679520711.55144835 -0.61085242 -0.71867728 -0.48468384 0.00000000 0.00000000 0.00000000 1.00000000
1679520711.60233188 -0.61461985 -0.71620119 -0.48549181 0.00000000 0.00000000 0.00000000 1.00000000
1679520711.65161538 -0.61873257 -0.71356595 -0.48570827 0.00000000 0.00000000 0.00000000 1.00000000
1679520711.70170593 -0.62147027 -0.71205449 -0.48594224 0.00000000 0.00000000 0.00000000 1.00000000
1679520711.75169635 -0.62362558 -0.70998889 -0.48770770 0.00000000 0.00000000 0.00000000 1.00000000
1679520711.80156159 -0.62575108 -0.70809460 -0.48945320 0.00000000 0.00000000 0.00000000 1.00000000
1679520711.85176110 -0.62683755 -0.70657921 -0.49131429 0.00000000 0.00000000 0.00000000 1.00000000
1679520711.90157843 -0.62821442 -0.70533675 -0.49323788 0.00000000 0.00000000 0.00000000 1.00000000
1679520711.95179224 -0.63147396 -0.70509857 -0.49403688 0.00000000 0.00000000 0.00000000 1.00000000
1679520712.00167060 -0.63500506 -0.70476967 -0.49465424 0.00000000 0.00000000 0.00000000 1.00000000
1679520712.05191541 -0.63835698 -0.70521247 -0.49492395 0.00000000 0.00000000 0.00000000 1.00000000
1679520712.10178018 -0.64080334 -0.70563704 -0.49530008 0.00000000 0.00000000 0.00000000 1.00000000
1679520712.15184164 -0.64400184 -0.70366043 -0.49630663 0.00000000 0.00000000 0.00000000 1.00000000
1679520712.20187593 -0.64661866 -0.70246255 -0.49762517 0.00000000 0.00000000 0.00000000 1.00000000
1679520712.25192213 -0.64859259 -0.70104653 -0.49822432 0.00000000 0.00000000 0.00000000 1.00000000
1679520712.30196905 -0.65105087 -0.69926631 -0.49880746 0.00000000 0.00000000 0.00000000 1.00000000
1679520712.35198927 -0.65274560 -0.70045227 -0.49982393 0.00000000 0.00000000 0.00000000 1.00000000
1679520712.40202165 -0.65434885 -0.70148939 -0.50108212 0.00000000 0.00000000 0.00000000 1.00000000
1679520712.45204091 -0.65612125 -0.70249617 -0.50226527 0.00000000 0.00000000 0.00000000 1.00000000
1679520712.50209141 -0.65691578 -0.70416033 -0.50357491 0.00000000 0.00000000 0.00000000 1.00000000
1679520712.55218911 -0.66012055 -0.70230114 -0.50519693 0.00000000 0.00000000 0.00000000 1.00000000
1679520712.60147047 -0.66347885 -0.70025921 -0.50702542 0.00000000 0.00000000 0.00000000 1.00000000
1679520712.65156198 -0.66606182 -0.69843322 -0.50815803 0.00000000 0.00000000 0.00000000 1.00000000
1679520712.70143867 -0.66874588 -0.69678754 -0.50927591 0.00000000 0.00000000 0.00000000 1.00000000
1679520712.75148916 -0.67199600 -0.69519144 -0.50975931 0.00000000 0.00000000 0.00000000 1.00000000
1679520712.80145288 -0.67531985 -0.69368422 -0.51029497 0.00000000 0.00000000 0.00000000 1.00000000
1679520712.85170555 -0.67849517 -0.69206947 -0.51094311 0.00000000 0.00000000 0.00000000 1.00000000
1679520712.90160775 -0.68053132 -0.69131428 -0.51180279 0.00000000 0.00000000 0.00000000 1.00000000
1679520712.95181155 -0.68494105 -0.68737710 -0.51405126 0.00000000 0.00000000 0.00000000 1.00000000
1679520713.00168276 -0.68895209 -0.68283939 -0.51667845 0.00000000 0.00000000 0.00000000 1.00000000
1679520713.05188155 -0.69290292 -0.67941630 -0.51858473 0.00000000 0.00000000 0.00000000 1.00000000
1679520713.10180283 -0.69626760 -0.67586654 -0.52059799 0.00000000 0.00000000 0.00000000 1.00000000
1679520713.15182328 -0.69908166 -0.67045629 -0.52129513 0.00000000 0.00000000 0.00000000 1.00000000
1679520713.20176268 -0.70281470 -0.66513562 -0.52196193 0.00000000 0.00000000 0.00000000 1.00000000
1679520713.25207949 -0.70474076 -0.65999019 -0.52229404 0.00000000 0.00000000 0.00000000 1.00000000
1679520713.30186701 -0.70748305 -0.65586793 -0.52280867 0.00000000 0.00000000 0.00000000 1.00000000
1679520713.35195589 -0.70845300 -0.65370846 -0.52191311 0.00000000 0.00000000 0.00000000 1.00000000
1679520713.40194321 -0.70875597 -0.65239459 -0.52122849 0.00000000 0.00000000 0.00000000 1.00000000
1679520713.45203829 -0.70930088 -0.65135223 -0.51995701 0.00000000 0.00000000 0.00000000 1.00000000
1679520713.50208759 -0.70933586 -0.65043020 -0.51892334 0.00000000 0.00000000 0.00000000 1.00000000
1679520713.55211329 -0.71318758 -0.64765257 -0.51806778 0.00000000 0.00000000 0.00000000 1.00000000
1679520713.60203528 -0.71632254 -0.64536983 -0.51734090 0.00000000 0.00000000 0.00000000 1.00000000
1679520713.65210915 -0.71887386 -0.64346051 -0.51553333 0.00000000 0.00000000 0.00000000 1.00000000
1679520713.70214081 -0.72125798 -0.64182836 -0.51391453 0.00000000 0.00000000 0.00000000 1.00000000
1679520713.75222635 -0.72254556 -0.64052886 -0.51234198 0.00000000 0.00000000 0.00000000 1.00000000
1679520713.80147409 -0.72319937 -0.63936615 -0.51134628 0.00000000 0.00000000 0.00000000 1.00000000
1679520713.85229063 -0.72358471 -0.63856637 -0.50855237 0.00000000 0.00000000 0.00000000 1.00000000
1679520713.90142417 -0.72366798 -0.63784397 -0.50584692 0.00000000 0.00000000 0.00000000 1.00000000
1679520713.95159864 -0.72690827 -0.63583040 -0.50122845 0.00000000 0.00000000 0.00000000 1.00000000
1679520714.00162101 -0.73113835 -0.63382286 -0.49698609 0.00000000 0.00000000 0.00000000 1.00000000
1679520714.05185699 -0.73421293 -0.63182676 -0.49114147 0.00000000 0.00000000 0.00000000 1.00000000
1679520714.10161328 -0.73788863 -0.62988448 -0.48536846 0.00000000 0.00000000 0.00000000 1.00000000
1679520714.15170431 -0.74373794 -0.62745625 -0.47855976 0.00000000 0.00000000 0.00000000 1.00000000
1679520714.20184684 -0.74947536 -0.62503123 -0.47248411 0.00000000 0.00000000 0.00000000 1.00000000
1679520714.25179482 -0.75429922 -0.62291205 -0.46524024 0.00000000 0.00000000 0.00000000 1.00000000
1679520714.30178428 -0.75865269 -0.62051100 -0.45847240 0.00000000 0.00000000 0.00000000 1.00000000
1679520714.35181522 -0.76640046 -0.61898607 -0.45188174 0.00000000 0.00000000 0.00000000 1.00000000
1679520714.40177035 -0.77411318 -0.61768496 -0.44522804 0.00000000 0.00000000 0.00000000 1.00000000
1679520714.45191765 -0.78045011 -0.61587620 -0.43703252 0.00000000 0.00000000 0.00000000 1.00000000
1679520714.50192499 -0.78702241 -0.61487591 -0.42934570 0.00000000 0.00000000 0.00000000 1.00000000
1679520714.55210948 -0.79671186 -0.61023432 -0.42190483 0.00000000 0.00000000 0.00000000 1.00000000
1679520714.60200787 -0.80662167 -0.60530263 -0.41556126 0.00000000 0.00000000 0.00000000 1.00000000
1679520714.65188670 -0.81685793 -0.60154587 -0.40617907 0.00000000 0.00000000 0.00000000 1.00000000
1679520714.70196533 -0.82650054 -0.59736317 -0.39631602 0.00000000 0.00000000 0.00000000 1.00000000
1679520714.75207567 -0.83832169 -0.59562188 -0.38473332 0.00000000 0.00000000 0.00000000 1.00000000
1679520714.80206442 -0.85091048 -0.59465861 -0.37316182 0.00000000 0.00000000 0.00000000 1.00000000
1679520714.85208106 -0.86339450 -0.59368455 -0.35848427 0.00000000 0.00000000 0.00000000 1.00000000
1679520714.90217042 -0.87614453 -0.59299213 -0.34360319 0.00000000 0.00000000 0.00000000 1.00000000
1679520714.95216990 -0.89549160 -0.59323430 -0.32406819 0.00000000 0.00000000 0.00000000 1.00000000
1679520715.00153327 -0.91490293 -0.59359181 -0.30452380 0.00000000 0.00000000 0.00000000 1.00000000
1679520715.05226898 -0.93484479 -0.59457779 -0.28189275 0.00000000 0.00000000 0.00000000 1.00000000
1679520715.10153675 -0.95543790 -0.59563899 -0.25988370 0.00000000 0.00000000 0.00000000 1.00000000
1679520715.15232539 -0.97814155 -0.59740251 -0.23539712 0.00000000 0.00000000 0.00000000 1.00000000
1679520715.20169210 -1.00240278 -0.59933805 -0.21206720 0.00000000 0.00000000 0.00000000 1.00000000
1679520715.25242877 -1.02674389 -0.60091889 -0.18793982 0.00000000 0.00000000 0.00000000 1.00000000
1679520715.30185795 -1.05221665 -0.60285050 -0.16517173 0.00000000 0.00000000 0.00000000 1.00000000
1679520715.35185695 -1.07452512 -0.60345799 -0.14140628 0.00000000 0.00000000 0.00000000 1.00000000
1679520715.40170193 -1.09656549 -0.60395354 -0.11923452 0.00000000 0.00000000 0.00000000 1.00000000
1679520715.45189238 -1.11932290 -0.60469484 -0.09763022 0.00000000 0.00000000 0.00000000 1.00000000
1679520715.50187635 -1.14164436 -0.60472029 -0.07724782 0.00000000 0.00000000 0.00000000 1.00000000
1679520715.55188513 -1.16388464 -0.60405034 -0.05844293 0.00000000 0.00000000 0.00000000 1.00000000
1679520715.60189939 -1.18556392 -0.60347974 -0.03934187 0.00000000 0.00000000 0.00000000 1.00000000
1679520715.65206671 -1.20632184 -0.60278893 -0.01983521 0.00000000 0.00000000 0.00000000 1.00000000
1679520715.70207596 -1.22527504 -0.60179955 -0.00022653 0.00000000 0.00000000 0.00000000 1.00000000
1679520715.75216103 -1.23728752 -0.59838665 0.01918467 0.00000000 0.00000000 0.00000000 1.00000000
1679520715.80208731 -1.24778962 -0.59519988 0.03882071 0.00000000 0.00000000 0.00000000 1.00000000
1679520715.85206890 -1.25686097 -0.59229320 0.05887583 0.00000000 0.00000000 0.00000000 1.00000000
1679520715.90221095 -1.26358199 -0.58972621 0.07891241 0.00000000 0.00000000 0.00000000 1.00000000
1679520715.95210242 -1.26387286 -0.58374119 0.09752005 0.00000000 0.00000000 0.00000000 1.00000000
1679520716.00212312 -1.26225865 -0.57875115 0.11730413 0.00000000 0.00000000 0.00000000 1.00000000
1679520716.05217981 -1.25822639 -0.57433289 0.13738115 0.00000000 0.00000000 0.00000000 1.00000000
1679520716.10214019 -1.25118685 -0.57036996 0.15791090 0.00000000 0.00000000 0.00000000 1.00000000
1679520716.15231967 -1.23944485 -0.56672746 0.18135662 0.00000000 0.00000000 0.00000000 1.00000000
1679520716.20223451 -1.22434568 -0.56386852 0.20569262 0.00000000 0.00000000 0.00000000 1.00000000
1679520716.25234461 -1.20617163 -0.56182718 0.23232085 0.00000000 0.00000000 0.00000000 1.00000000
1679520716.30229068 -1.18488526 -0.56030566 0.25906739 0.00000000 0.00000000 0.00000000 1.00000000
1679520716.35245180 -1.16010737 -0.55252165 0.29019207 0.00000000 0.00000000 0.00000000 1.00000000
1679520716.40238070 -1.13187242 -0.54568112 0.32091242 0.00000000 0.00000000 0.00000000 1.00000000
1679520716.45250344 -1.10053217 -0.53968143 0.35111913 0.00000000 0.00000000 0.00000000 1.00000000
1679520716.50183940 -1.06617785 -0.53456557 0.38095230 0.00000000 0.00000000 0.00000000 1.00000000
1679520716.55182099 -1.02653694 -0.52981508 0.41111469 0.00000000 0.00000000 0.00000000 1.00000000
1679520716.60164952 -0.98381501 -0.52587575 0.44082180 0.00000000 0.00000000 0.00000000 1.00000000
1679520716.65187931 -0.93829685 -0.52285409 0.46964529 0.00000000 0.00000000 0.00000000 1.00000000
1679520716.70282865 -0.89045089 -0.52109319 0.49807358 0.00000000 0.00000000 0.00000000 1.00000000
1679520716.75188518 -0.84257686 -0.51200819 0.52866006 0.00000000 0.00000000 0.00000000 1.00000000
1679520716.80193520 -0.79325217 -0.50532752 0.55830133 0.00000000 0.00000000 0.00000000 1.00000000
1679520716.85197592 -0.74147338 -0.50068319 0.58694196 0.00000000 0.00000000 0.00000000 1.00000000
1679520716.90208483 -0.68799257 -0.49813128 0.61288148 0.00000000 0.00000000 0.00000000 1.00000000
1679520716.95207000 -0.63959152 -0.49838528 0.63506711 0.00000000 0.00000000 0.00000000 1.00000000
1679520717.00214767 -0.58872765 -0.50040340 0.65380567 0.00000000 0.00000000 0.00000000 1.00000000
1679520717.05214953 -0.53685755 -0.50481200 0.66913128 0.00000000 0.00000000 0.00000000 1.00000000
1679520717.10211420 -0.48377186 -0.51108199 0.68184948 0.00000000 0.00000000 0.00000000 1.00000000
1679520717.15209293 -0.43006575 -0.51646507 0.68651903 0.00000000 0.00000000 0.00000000 1.00000000
1679520717.20326710 -0.37534684 -0.52413529 0.68979108 0.00000000 0.00000000 0.00000000 1.00000000
1679520717.25216341 -0.31930301 -0.53328198 0.69190609 0.00000000 0.00000000 0.00000000 1.00000000
1679520717.30221748 -0.26234055 -0.54412711 0.69222873 0.00000000 0.00000000 0.00000000 1.00000000
1679520717.35221481 -0.20719153 -0.55522561 0.69047499 0.00000000 0.00000000 0.00000000 1.00000000
1679520717.40231371 -0.15014608 -0.56749213 0.68668938 0.00000000 0.00000000 0.00000000 1.00000000
1679520717.45237613 -0.09401118 -0.58076727 0.68149585 0.00000000 0.00000000 0.00000000 1.00000000
1679520717.50235438 -0.03705518 -0.59520048 0.67444164 0.00000000 0.00000000 0.00000000 1.00000000
1679520717.55236578 0.01970826 -0.60717547 0.66330844 0.00000000 0.00000000 0.00000000 1.00000000
1679520717.60172629 0.07648092 -0.61921799 0.64978689 0.00000000 0.00000000 0.00000000 1.00000000
1679520717.65258336 0.13329123 -0.63229114 0.63626325 0.00000000 0.00000000 0.00000000 1.00000000
1679520717.70252013 0.19014320 -0.64592385 0.62201321 0.00000000 0.00000000 0.00000000 1.00000000
1679520717.75259447 0.24588822 -0.65966237 0.60814708 0.00000000 0.00000000 0.00000000 1.00000000
1679520717.80187798 0.30201039 -0.67404515 0.59368694 0.00000000 0.00000000 0.00000000 1.00000000
1679520717.85189152 0.35770729 -0.68850362 0.57878828 0.00000000 0.00000000 0.00000000 1.00000000
1679520717.90195394 0.41261423 -0.70303029 0.56391728 0.00000000 0.00000000 0.00000000 1.00000000
1679520717.95187569 0.46419728 -0.71570951 0.54897839 0.00000000 0.00000000 0.00000000 1.00000000
1679520718.00196266 0.51520652 -0.72785038 0.53426808 0.00000000 0.00000000 0.00000000 1.00000000
1679520718.05199695 0.56624115 -0.74008721 0.51969212 0.00000000 0.00000000 0.00000000 1.00000000
1679520718.10205793 0.61692238 -0.75233150 0.50529927 0.00000000 0.00000000 0.00000000 1.00000000
1679520718.15203881 0.66808110 -0.75949627 0.49242976 0.00000000 0.00000000 0.00000000 1.00000000
1679520718.20207310 0.71839774 -0.76528728 0.47996163 0.00000000 0.00000000 0.00000000 1.00000000
1679520718.25217152 0.76878834 -0.77156204 0.46700779 0.00000000 0.00000000 0.00000000 1.00000000
1679520718.30206895 0.81898677 -0.77787560 0.45378467 0.00000000 0.00000000 0.00000000 1.00000000
1679520718.35232329 0.86528051 -0.78511691 0.44299135 0.00000000 0.00000000 0.00000000 1.00000000
1679520718.40236092 0.91110498 -0.79240984 0.43235344 0.00000000 0.00000000 0.00000000 1.00000000
1679520718.45233703 0.95678854 -0.79957128 0.42228603 0.00000000 0.00000000 0.00000000 1.00000000
1679520718.50245070 1.00237012 -0.80672991 0.41189680 0.00000000 0.00000000 0.00000000 1.00000000
1679520718.55232501 1.04713964 -0.81589568 0.40144983 0.00000000 0.00000000 0.00000000 1.00000000
1679520718.60227346 1.09129632 -0.82495326 0.39028218 0.00000000 0.00000000 0.00000000 1.00000000
1679520718.65263486 1.13535964 -0.83363414 0.37840718 0.00000000 0.00000000 0.00000000 1.00000000
1679520718.70239806 1.17897236 -0.84190613 0.36650524 0.00000000 0.00000000 0.00000000 1.00000000
1679520718.75244713 1.22386098 -0.84557134 0.35423478 0.00000000 0.00000000 0.00000000 1.00000000
1679520718.80241656 1.26883566 -0.84817463 0.34230804 0.00000000 0.00000000 0.00000000 1.00000000
1679520718.85251999 1.31319654 -0.85118878 0.33185181 0.00000000 0.00000000 0.00000000 1.00000000
1679520718.90177608 1.35677195 -0.85445148 0.32216945 0.00000000 0.00000000 0.00000000 1.00000000
1679520718.95190835 1.39739561 -0.85574675 0.31356952 0.00000000 0.00000000 0.00000000 1.00000000
1679520719.00202560 1.43685007 -0.85671079 0.30569738 0.00000000 0.00000000 0.00000000 1.00000000
1679520719.05202413 1.47650182 -0.85796285 0.29981411 0.00000000 0.00000000 0.00000000 1.00000000
1679520719.10204792 1.51620388 -0.85942000 0.29477122 0.00000000 0.00000000 0.00000000 1.00000000
1679520719.15193248 1.55349970 -0.86148632 0.29182225 0.00000000 0.00000000 0.00000000 1.00000000
1679520719.20209384 1.59091723 -0.86381811 0.28963900 0.00000000 0.00000000 0.00000000 1.00000000
1679520719.25195813 1.62834001 -0.86622256 0.28647828 0.00000000 0.00000000 0.00000000 1.00000000
1679520719.30209398 1.66573727 -0.86880237 0.28351784 0.00000000 0.00000000 0.00000000 1.00000000
1679520719.35216451 1.70109725 -0.87243980 0.28236148 0.00000000 0.00000000 0.00000000 1.00000000
1679520719.40217686 1.73587906 -0.87647581 0.28217998 0.00000000 0.00000000 0.00000000 1.00000000
1679520719.45217013 1.77054274 -0.88052869 0.28199828 0.00000000 0.00000000 0.00000000 1.00000000
1679520719.50209379 1.80546105 -0.88445735 0.28224978 0.00000000 0.00000000 0.00000000 1.00000000
1679520719.55244827 1.83754480 -0.89096594 0.28466886 0.00000000 0.00000000 0.00000000 1.00000000
1679520719.60218692 1.86904335 -0.89798760 0.28796744 0.00000000 0.00000000 0.00000000 1.00000000
1679520719.65249515 1.90045524 -0.90468132 0.29362339 0.00000000 0.00000000 0.00000000 1.00000000
1679520719.70244074 1.93264377 -0.91108608 0.29994541 0.00000000 0.00000000 0.00000000 1.00000000
1679520719.75242877 1.96566474 -0.91738379 0.30774269 0.00000000 0.00000000 0.00000000 1.00000000
1679520719.80236888 1.99882674 -0.92345846 0.31566200 0.00000000 0.00000000 0.00000000 1.00000000
1679520719.85241508 2.03207254 -0.92931372 0.32343328 0.00000000 0.00000000 0.00000000 1.00000000
1679520719.90239263 2.06543398 -0.93495637 0.33136371 0.00000000 0.00000000 0.00000000 1.00000000
1679520719.95244932 2.09818482 -0.93935376 0.33825582 0.00000000 0.00000000 0.00000000 1.00000000
1679520720.00251698 2.13113260 -0.94322789 0.34441820 0.00000000 0.00000000 0.00000000 1.00000000
1679520720.05259395 2.16415262 -0.94710380 0.34908530 0.00000000 0.00000000 0.00000000 1.00000000
1679520720.10252428 2.19712329 -0.95103669 0.35284245 0.00000000 0.00000000 0.00000000 1.00000000
1679520720.15269375 2.23207998 -0.95483643 0.35637704 0.00000000 0.00000000 0.00000000 1.00000000
1679520720.20264792 2.26745844 -0.95856357 0.35952350 0.00000000 0.00000000 0.00000000 1.00000000
1679520720.25197291 2.30215406 -0.96221805 0.36258742 0.00000000 0.00000000 0.00000000 1.00000000
1679520720.30200505 2.33744192 -0.96603686 0.36524087 0.00000000 0.00000000 0.00000000 1.00000000
1679520720.35210109 2.37023449 -0.97074389 0.36825341 0.00000000 0.00000000 0.00000000 1.00000000
1679520720.40283203 2.40248203 -0.97566336 0.37075073 0.00000000 0.00000000 0.00000000 1.00000000
1679520720.45232368 2.43439984 -0.98041660 0.37208480 0.00000000 0.00000000 0.00000000 1.00000000
1679520720.50212908 2.46651649 -0.98482054 0.37262613 0.00000000 0.00000000 0.00000000 1.00000000
1679520720.55219936 2.49557710 -0.99193221 0.37233460 0.00000000 0.00000000 0.00000000 1.00000000
1679520720.60221624 2.52351975 -0.99950743 0.37185058 0.00000000 0.00000000 0.00000000 1.00000000
1679520720.65218925 2.55211544 -1.00660229 0.37137708 0.00000000 0.00000000 0.00000000 1.00000000
1679520720.70224595 2.58099174 -1.01315153 0.37061974 0.00000000 0.00000000 0.00000000 1.00000000
1679520720.75233865 2.61050701 -1.01951206 0.36970583 0.00000000 0.00000000 0.00000000 1.00000000
1679520720.80239010 2.64004135 -1.02545774 0.36838692 0.00000000 0.00000000 0.00000000 1.00000000
1679520720.85240078 2.66950321 -1.03084564 0.36673680 0.00000000 0.00000000 0.00000000 1.00000000
1679520720.90243030 2.69910073 -1.03563380 0.36476228 0.00000000 0.00000000 0.00000000 1.00000000
1679520720.95240760 2.73176670 -1.03849900 0.36194998 0.00000000 0.00000000 0.00000000 1.00000000
1679520721.00239897 2.76483870 -1.04065490 0.35878387 0.00000000 0.00000000 0.00000000 1.00000000
1679520721.05238581 2.79703140 -1.04250288 0.35546985 0.00000000 0.00000000 0.00000000 1.00000000
1679520721.10241032 2.82907176 -1.04407787 0.35200354 0.00000000 0.00000000 0.00000000 1.00000000
1679520721.15247703 2.85916114 -1.04759717 0.34976512 0.00000000 0.00000000 0.00000000 1.00000000
1679520721.20252776 2.88832903 -1.05131769 0.34762210 0.00000000 0.00000000 0.00000000 1.00000000
1679520721.25257277 2.91728950 -1.05450332 0.34500909 0.00000000 0.00000000 0.00000000 1.00000000
1679520721.30262256 2.94600010 -1.05712414 0.34199673 0.00000000 0.00000000 0.00000000 1.00000000
1679520721.35268950 2.97235656 -1.05932057 0.33742207 0.00000000 0.00000000 0.00000000 1.00000000
1679520721.40264630 2.99784303 -1.06118691 0.33233759 0.00000000 0.00000000 0.00000000 1.00000000
1679520721.45267224 3.02317524 -1.06267059 0.32763773 0.00000000 0.00000000 0.00000000 1.00000000
1679520721.50201941 3.04821062 -1.06380689 0.32288763 0.00000000 0.00000000 0.00000000 1.00000000
1679520721.55205560 3.07286239 -1.06453633 0.31807116 0.00000000 0.00000000 0.00000000 1.00000000
1679520721.60199356 3.09711027 -1.06497669 0.31320047 0.00000000 0.00000000 0.00000000 1.00000000
1679520721.65218854 3.12083101 -1.06506801 0.30846432 0.00000000 0.00000000 0.00000000 1.00000000
1679520721.70211458 3.14418507 -1.06493497 0.30373785 0.00000000 0.00000000 0.00000000 1.00000000
1679520721.75232410 3.16751289 -1.06419539 0.29991698 0.00000000 0.00000000 0.00000000 1.00000000
1679520721.80215216 3.19049001 -1.06311071 0.29628247 0.00000000 0.00000000 0.00000000 1.00000000
1679520721.85211754 3.21290255 -1.06176090 0.29270369 0.00000000 0.00000000 0.00000000 1.00000000
1679520721.90229082 3.23448706 -1.06019604 0.28897724 0.00000000 0.00000000 0.00000000 1.00000000
1679520721.95237684 3.25659847 -1.05673409 0.28485674 0.00000000 0.00000000 0.00000000 1.00000000
1679520722.00242996 3.27848577 -1.05254674 0.28060722 0.00000000 0.00000000 0.00000000 1.00000000
1679520722.05242085 3.29932904 -1.04821515 0.27674270 0.00000000 0.00000000 0.00000000 1.00000000
1679520722.10252118 3.31973314 -1.04365349 0.27283704 0.00000000 0.00000000 0.00000000 1.00000000
1679520722.15246081 3.33848476 -1.03803062 0.26826090 0.00000000 0.00000000 0.00000000 1.00000000
1679520722.20234299 3.35670877 -1.03182662 0.26355454 0.00000000 0.00000000 0.00000000 1.00000000
1679520722.25261259 3.37461090 -1.02534378 0.25924867 0.00000000 0.00000000 0.00000000 1.00000000
1679520722.30250382 3.39204454 -1.01872051 0.25526103 0.00000000 0.00000000 0.00000000 1.00000000
1679520722.35263729 3.40846181 -1.01245964 0.25185987 0.00000000 0.00000000 0.00000000 1.00000000
1679520722.40253687 3.42449594 -1.00596559 0.24863194 0.00000000 0.00000000 0.00000000 1.00000000
1679520722.45255899 3.44035482 -0.99902260 0.24578282 0.00000000 0.00000000 0.00000000 1.00000000
1679520722.50257063 3.45614743 -0.99166167 0.24311766 0.00000000 0.00000000 0.00000000 1.00000000
1679520722.55271101 3.47093987 -0.98503017 0.24319150 0.00000000 0.00000000 0.00000000 1.00000000
1679520722.60270929 3.48596120 -0.97790831 0.24305071 0.00000000 0.00000000 0.00000000 1.00000000
1679520722.65283322 3.50081229 -0.97048593 0.24314184 0.00000000 0.00000000 0.00000000 1.00000000
1679520722.70280576 3.51579285 -0.96265000 0.24312001 0.00000000 0.00000000 0.00000000 1.00000000
1679520722.75211883 3.53352141 -0.95181566 0.24363583 0.00000000 0.00000000 0.00000000 1.00000000
1679520722.80191898 3.55074096 -0.94094050 0.24382809 0.00000000 0.00000000 0.00000000 1.00000000
1679520722.85289884 3.56770587 -0.92989761 0.24401632 0.00000000 0.00000000 0.00000000 1.00000000
1679520722.90199971 3.58504796 -0.91856861 0.24409407 0.00000000 0.00000000 0.00000000 1.00000000
1679520722.95232272 3.60170102 -0.90797091 0.24421570 0.00000000 0.00000000 0.00000000 1.00000000
1679520723.00225616 3.61836648 -0.89730006 0.24398427 0.00000000 0.00000000 0.00000000 1.00000000
1679520723.05310488 3.63532972 -0.88647842 0.24331123 0.00000000 0.00000000 0.00000000 1.00000000
1679520723.10226750 3.65356016 -0.87494659 0.24230818 0.00000000 0.00000000 0.00000000 1.00000000
1679520723.15233827 3.67328262 -0.86271912 0.24001935 0.00000000 0.00000000 0.00000000 1.00000000
1679520723.20248604 3.69391227 -0.84989798 0.23717931 0.00000000 0.00000000 0.00000000 1.00000000
1679520723.25255203 3.71555710 -0.83639503 0.23391257 0.00000000 0.00000000 0.00000000 1.00000000
1679520723.30326128 3.73856783 -0.82226455 0.23047668 0.00000000 0.00000000 0.00000000 1.00000000
1679520723.35246801 3.76156974 -0.80668682 0.22536042 0.00000000 0.00000000 0.00000000 1.00000000
1679520723.40253663 3.78586817 -0.79075694 0.22049832 0.00000000 0.00000000 0.00000000 1.00000000
1679520723.45259237 3.81148291 -0.77428061 0.21573746 0.00000000 0.00000000 0.00000000 1.00000000
1679520723.50268078 3.83832622 -0.75730669 0.21084525 0.00000000 0.00000000 0.00000000 1.00000000
1679520723.55249238 3.86658406 -0.74020088 0.20631664 0.00000000 0.00000000 0.00000000 1.00000000
1679520723.60454488 3.89533734 -0.72296733 0.20197494 0.00000000 0.00000000 0.00000000 1.00000000
1679520723.65262866 3.92494750 -0.70518547 0.19816363 0.00000000 0.00000000 0.00000000 1.00000000
1679520723.70265126 3.95501876 -0.68680501 0.19489199 0.00000000 0.00000000 0.00000000 1.00000000
1679520723.75282741 3.98721099 -0.66521645 0.19183202 0.00000000 0.00000000 0.00000000 1.00000000
1679520723.80273056 4.01985025 -0.64261347 0.18955241 0.00000000 0.00000000 0.00000000 1.00000000
1679520723.85277843 4.05233812 -0.62001568 0.18754914 0.00000000 0.00000000 0.00000000 1.00000000
1679520723.90276241 4.08469868 -0.59731430 0.18609847 0.00000000 0.00000000 0.00000000 1.00000000
1679520723.95282626 4.11501741 -0.57252270 0.18602103 0.00000000 0.00000000 0.00000000 1.00000000
1679520724.00218081 4.14552927 -0.54736108 0.18676481 0.00000000 0.00000000 0.00000000 1.00000000
1679520724.05293059 4.17608690 -0.52200025 0.18962049 0.00000000 0.00000000 0.00000000 1.00000000
1679520724.10301352 4.20666265 -0.49650416 0.19308500 0.00000000 0.00000000 0.00000000 1.00000000
1679520724.15301156 4.23900414 -0.46984038 0.19763282 0.00000000 0.00000000 0.00000000 1.00000000
1679520724.20220423 4.27174139 -0.44289860 0.20233689 0.00000000 0.00000000 0.00000000 1.00000000
1679520724.25231814 4.30454397 -0.41583076 0.20594841 0.00000000 0.00000000 0.00000000 1.00000000
1679520724.30221963 4.33778572 -0.38848397 0.20926867 0.00000000 0.00000000 0.00000000 1.00000000
1679520724.35227871 4.37213087 -0.35906956 0.21352287 0.00000000 0.00000000 0.00000000 1.00000000
1679520724.40232873 4.40663958 -0.32932812 0.21798773 0.00000000 0.00000000 0.00000000 1.00000000
1679520724.45239639 4.44106531 -0.29984841 0.22343177 0.00000000 0.00000000 0.00000000 1.00000000
1679520724.50240207 4.47515869 -0.27094182 0.22887975 0.00000000 0.00000000 0.00000000 1.00000000
1679520724.55246353 4.50861263 -0.24248776 0.23394805 0.00000000 0.00000000 0.00000000 1.00000000
1679520724.60252070 4.54205942 -0.21486802 0.23863436 0.00000000 0.00000000 0.00000000 1.00000000
1679520724.65461659 4.57579327 -0.18775482 0.24439313 0.00000000 0.00000000 0.00000000 1.00000000
1679520724.70262480 4.60964108 -0.16147533 0.25010765 0.00000000 0.00000000 0.00000000 1.00000000
1679520724.75268698 4.64366961 -0.13853438 0.25418162 0.00000000 0.00000000 0.00000000 1.00000000
1679520724.80260086 4.67811728 -0.11790746 0.25768486 0.00000000 0.00000000 0.00000000 1.00000000
1679520724.85279512 4.71277714 -0.09888248 0.26226342 0.00000000 0.00000000 0.00000000 1.00000000
1679520724.90459585 4.74775457 -0.08174255 0.26687506 0.00000000 0.00000000 0.00000000 1.00000000
1679520724.95270228 4.78803015 -0.07131979 0.27260053 0.00000000 0.00000000 0.00000000 1.00000000
1679520725.00270844 4.82960367 -0.06458099 0.27842897 0.00000000 0.00000000 0.00000000 1.00000000
1679520725.05277824 4.87133598 -0.06011555 0.28527763 0.00000000 0.00000000 0.00000000 1.00000000
1679520725.10280037 4.91301870 -0.05812074 0.29211086 0.00000000 0.00000000 0.00000000 1.00000000
1679520725.15284085 4.95808315 -0.05956765 0.29849705 0.00000000 0.00000000 0.00000000 1.00000000
1679520725.20294952 5.00374794 -0.06402923 0.30469999 0.00000000 0.00000000 0.00000000 1.00000000
1679520725.25296688 5.04923344 -0.07127978 0.31163850 0.00000000 0.00000000 0.00000000 1.00000000
1679520725.30292201 5.09477234 -0.08111057 0.31851444 0.00000000 0.00000000 0.00000000 1.00000000
1679520725.35226464 5.13917828 -0.09575413 0.32335398 0.00000000 0.00000000 0.00000000 1.00000000
1679520725.40236712 5.18428850 -0.11270703 0.32848865 0.00000000 0.00000000 0.00000000 1.00000000
1679520725.45245862 5.22950888 -0.13202594 0.33397910 0.00000000 0.00000000 0.00000000 1.00000000
1679520725.50223851 5.27462864 -0.15376948 0.33971301 0.00000000 0.00000000 0.00000000 1.00000000
1679520725.55230522 5.31845474 -0.17855407 0.34659883 0.00000000 0.00000000 0.00000000 1.00000000
1679520725.60250640 5.36155128 -0.20592774 0.35384095 0.00000000 0.00000000 0.00000000 1.00000000
1679520725.65238762 5.40427303 -0.23552215 0.36149147 0.00000000 0.00000000 0.00000000 1.00000000
1679520725.70244837 5.44651413 -0.26729828 0.36899996 0.00000000 0.00000000 0.00000000 1.00000000
1679520725.75244570 5.48523474 -0.30215582 0.37450618 0.00000000 0.00000000 0.00000000 1.00000000
1679520725.80256581 5.52349377 -0.33925909 0.38025060 0.00000000 0.00000000 0.00000000 1.00000000
1679520725.85257149 5.56075668 -0.37819359 0.38711783 0.00000000 0.00000000 0.00000000 1.00000000
1679520725.90265441 5.59737921 -0.41983551 0.39449045 0.00000000 0.00000000 0.00000000 1.00000000
1679520725.95274305 5.63570595 -0.46602160 0.40256497 0.00000000 0.00000000 0.00000000 1.00000000
1679520726.00273037 5.67349291 -0.51501787 0.41082251 0.00000000 0.00000000 0.00000000 1.00000000
1679520726.05273843 5.71007299 -0.56590754 0.41927344 0.00000000 0.00000000 0.00000000 1.00000000
1679520726.10268354 5.74552202 -0.61882126 0.42769361 0.00000000 0.00000000 0.00000000 1.00000000
1679520726.15277243 5.78213692 -0.67364448 0.43459961 0.00000000 0.00000000 0.00000000 1.00000000
1679520726.20474434 5.81809616 -0.73055798 0.44125816 0.00000000 0.00000000 0.00000000 1.00000000
1679520726.25291967 5.85297394 -0.78956336 0.44767067 0.00000000 0.00000000 0.00000000 1.00000000
1679520726.30285478 5.88693237 -0.85051078 0.45421207 0.00000000 0.00000000 0.00000000 1.00000000
1679520726.35293150 5.92081404 -0.91583508 0.46183524 0.00000000 0.00000000 0.00000000 1.00000000
1679520726.40299225 5.95408010 -0.98356861 0.46953940 0.00000000 0.00000000 0.00000000 1.00000000
1679520726.45299864 5.98666048 -1.05200982 0.47906357 0.00000000 0.00000000 0.00000000 1.00000000
1679520726.50306869 6.01860762 -1.12269473 0.48893586 0.00000000 0.00000000 0.00000000 1.00000000
1679520726.55241466 6.05041504 -1.19595385 0.49772882 0.00000000 0.00000000 0.00000000 1.00000000
1679520726.60247159 6.08172131 -1.27073634 0.50699782 0.00000000 0.00000000 0.00000000 1.00000000
1679520726.65319824 6.11231709 -1.34713626 0.51738864 0.00000000 0.00000000 0.00000000 1.00000000
1679520726.70240092 6.14206219 -1.42539167 0.52789766 0.00000000 0.00000000 0.00000000 1.00000000
1679520726.75253677 6.17186165 -1.50564861 0.53747517 0.00000000 0.00000000 0.00000000 1.00000000
1679520726.80243516 6.20082045 -1.58669102 0.54682153 0.00000000 0.00000000 0.00000000 1.00000000
1679520726.85241294 6.22895432 -1.67039621 0.55616724 0.00000000 0.00000000 0.00000000 1.00000000
1679520726.90249991 6.25656319 -1.75594628 0.56525761 0.00000000 0.00000000 0.00000000 1.00000000
1679520726.95253992 6.28583431 -1.84424496 0.57510316 0.00000000 0.00000000 0.00000000 1.00000000
1679520727.00260305 6.31502295 -1.93479109 0.58504826 0.00000000 0.00000000 0.00000000 1.00000000
1679520727.05264235 6.34414005 -2.02721977 0.59699601 0.00000000 0.00000000 0.00000000 1.00000000
1679520727.10270238 6.37345839 -2.12170124 0.60906810 0.00000000 0.00000000 0.00000000 1.00000000
1679520727.15276670 6.40599298 -2.21826458 0.62136382 0.00000000 0.00000000 0.00000000 1.00000000
1679520727.20288444 6.43958950 -2.31708360 0.63316935 0.00000000 0.00000000 0.00000000 1.00000000
1679520727.25288653 6.47357368 -2.41820025 0.64534867 0.00000000 0.00000000 0.00000000 1.00000000
1679520727.30264902 6.50745106 -2.52065849 0.65705162 0.00000000 0.00000000 0.00000000 1.00000000
1679520727.35290313 6.54736328 -2.62557602 0.66783619 0.00000000 0.00000000 0.00000000 1.00000000
1679520727.40276098 6.58934641 -2.73254108 0.67795557 0.00000000 0.00000000 0.00000000 1.00000000
1679520727.45293832 6.63155794 -2.84197068 0.68932450 0.00000000 0.00000000 0.00000000 1.00000000
1679520727.50290537 6.67470264 -2.95370054 0.70045304 0.00000000 0.00000000 0.00000000 1.00000000
1679520727.55288291 6.72236013 -3.06643176 0.71282077 0.00000000 0.00000000 0.00000000 1.00000000
1679520727.60301805 6.77129555 -3.18117237 0.72477293 0.00000000 0.00000000 0.00000000 1.00000000
1679520727.65296888 6.82050991 -3.29793000 0.73807740 0.00000000 0.00000000 0.00000000 1.00000000
1679520727.70300364 6.86985922 -3.41684914 0.75087982 0.00000000 0.00000000 0.00000000 1.00000000
1679520727.75304556 6.92119169 -3.53741789 0.76349646 0.00000000 0.00000000 0.00000000 1.00000000
1679520727.80306339 6.97313166 -3.65844584 0.77522123 0.00000000 0.00000000 0.00000000 1.00000000
1679520727.85317922 7.02526474 -3.78270650 0.78775018 0.00000000 0.00000000 0.00000000 1.00000000
1679520727.90242410 7.07771873 -3.90881157 0.79959118 0.00000000 0.00000000 0.00000000 1.00000000
1679520727.95254850 7.13428545 -4.03709078 0.81174695 0.00000000 0.00000000 0.00000000 1.00000000
1679520728.00241804 7.19020128 -4.16750908 0.82312518 0.00000000 0.00000000 0.00000000 1.00000000
1679520728.05259228 7.24625587 -4.29953766 0.83575338 0.00000000 0.00000000 0.00000000 1.00000000
1679520728.10269642 7.30197859 -4.43341112 0.84760779 0.00000000 0.00000000 0.00000000 1.00000000
1679520728.15250945 7.36340046 -4.57070875 0.85998446 0.00000000 0.00000000 0.00000000 1.00000000
1679520728.20259833 7.42647743 -4.70982552 0.87149936 0.00000000 0.00000000 0.00000000 1.00000000
1679520728.25267291 7.48910713 -4.85049963 0.88421828 0.00000000 0.00000000 0.00000000 1.00000000
1679520728.30265069 7.55117559 -4.99160528 0.89644247 0.00000000 0.00000000 0.00000000 1.00000000
1679520728.35281706 7.62624693 -5.13173294 0.90895259 0.00000000 0.00000000 0.00000000 1.00000000
1679520728.40276957 7.70349455 -5.27280378 0.92040539 0.00000000 0.00000000 0.00000000 1.00000000
1679520728.45281243 7.77967930 -5.41581869 0.93261546 0.00000000 0.00000000 0.00000000 1.00000000
1679520728.50266719 7.85472965 -5.56072712 0.94388425 0.00000000 0.00000000 0.00000000 1.00000000
1679520728.55289125 7.93002844 -5.70664740 0.95699674 0.00000000 0.00000000 0.00000000 1.00000000
1679520728.60279417 8.00527859 -5.85384417 0.96942902 0.00000000 0.00000000 0.00000000 1.00000000
1679520728.65298080 8.07968616 -6.00280094 0.98301768 0.00000000 0.00000000 0.00000000 1.00000000
1679520728.70285749 8.15280724 -6.15183258 0.99574172 0.00000000 0.00000000 0.00000000 1.00000000
1679520728.75287747 8.22907829 -6.30145931 1.00843990 0.00000000 0.00000000 0.00000000 1.00000000
1679520728.80291295 8.30551147 -6.45212603 1.01993942 0.00000000 0.00000000 0.00000000 1.00000000
1679520728.85302663 8.38047886 -6.60473871 1.03127289 0.00000000 0.00000000 0.00000000 1.00000000
1679520728.90305161 8.45473194 -6.75916243 1.04116595 0.00000000 0.00000000 0.00000000 1.00000000
1679520728.95313334 8.52931786 -6.91823387 1.05143225 0.00000000 0.00000000 0.00000000 1.00000000
1679520729.00309038 8.60330009 -7.07949114 1.06039119 0.00000000 0.00000000 0.00000000 1.00000000
1679520729.05312800 8.67585182 -7.24218416 1.06909680 0.00000000 0.00000000 0.00000000 1.00000000
1679520729.10323215 8.74751282 -7.40622950 1.07657123 0.00000000 0.00000000 0.00000000 1.00000000
1679520729.15326667 8.82002926 -7.57576990 1.08312201 0.00000000 0.00000000 0.00000000 1.00000000
1679520729.20437527 8.89161110 -7.74629736 1.08842480 0.00000000 0.00000000 0.00000000 1.00000000
1679520729.25333238 8.96261024 -7.92004681 1.09399843 0.00000000 0.00000000 0.00000000 1.00000000
1679520729.30255008 9.03368950 -8.09676456 1.09898031 0.00000000 0.00000000 0.00000000 1.00000000
1679520729.35280800 9.10381794 -8.26866817 1.10134470 0.00000000 0.00000000 0.00000000 1.00000000
1679520729.40254068 9.17407608 -8.44410419 1.10322309 0.00000000 0.00000000 0.00000000 1.00000000
1679520729.45295858 9.24388313 -8.62162399 1.10532320 0.00000000 0.00000000 0.00000000 1.00000000
1679520729.50288749 9.31354523 -8.80108547 1.10742176 0.00000000 0.00000000 0.00000000 1.00000000
1679520729.55275154 9.38404655 -8.96845055 1.10863423 0.00000000 0.00000000 0.00000000 1.00000000
1679520729.60277677 9.45480633 -9.13508129 1.10997760 0.00000000 0.00000000 0.00000000 1.00000000
1679520729.65288210 9.52528763 -9.30565929 1.11333871 0.00000000 0.00000000 0.00000000 1.00000000
1679520729.70285010 9.59628773 -9.47948170 1.11696970 0.00000000 0.00000000 0.00000000 1.00000000
1679520729.75296926 9.66845417 -9.65421104 1.12024033 0.00000000 0.00000000 0.00000000 1.00000000
1679520729.80281854 9.74149323 -9.83150673 1.12273765 0.00000000 0.00000000 0.00000000 1.00000000
1679520729.85303283 9.81421471 -10.01027775 1.12493360 0.00000000 0.00000000 0.00000000 1.00000000
1679520729.90292335 9.88839054 -10.19411278 1.12645495 0.00000000 0.00000000 0.00000000 1.00000000
1679520729.95297170 9.96435356 -10.37894726 1.12764573 0.00000000 0.00000000 0.00000000 1.00000000
1679520730.00289249 10.04127789 -10.56632328 1.12860429 0.00000000 0.00000000 0.00000000 1.00000000
1679520730.05310965 10.11902809 -10.75681019 1.12997758 0.00000000 0.00000000 0.00000000 1.00000000
1679520730.10300636 10.19729900 -10.95030212 1.13139105 0.00000000 0.00000000 0.00000000 1.00000000
1679520730.15307951 10.27631569 -11.14476109 1.13258708 0.00000000 0.00000000 0.00000000 1.00000000
1679520730.20317078 10.35739326 -11.34394741 1.13367939 0.00000000 0.00000000 0.00000000 1.00000000
1679520730.25517750 10.43877411 -11.54607582 1.13637030 0.00000000 0.00000000 0.00000000 1.00000000
1679520730.30317450 10.52072430 -11.75102425 1.13936090 0.00000000 0.00000000 0.00000000 1.00000000
1679520730.35332227 10.60509014 -11.95668030 1.14328301 0.00000000 0.00000000 0.00000000 1.00000000
1679520730.40327096 10.69000340 -12.16479111 1.14724398 0.00000000 0.00000000 0.00000000 1.00000000
1679520730.45301533 10.77527237 -12.37580109 1.15176654 0.00000000 0.00000000 0.00000000 1.00000000
1679520730.50265217 10.86070251 -12.58967495 1.15596747 0.00000000 0.00000000 0.00000000 1.00000000
1679520730.55349088 10.94520760 -12.80438614 1.16073668 0.00000000 0.00000000 0.00000000 1.00000000
1679520730.60254121 11.03023243 -13.02136707 1.16518605 0.00000000 0.00000000 0.00000000 1.00000000
1679520730.65305996 11.11455441 -13.23924923 1.16971660 0.00000000 0.00000000 0.00000000 1.00000000
1679520730.70266914 11.20017910 -13.46238804 1.17407763 0.00000000 0.00000000 0.00000000 1.00000000
1679520730.75323701 11.28813744 -13.69246864 1.18131328 0.00000000 0.00000000 0.00000000 1.00000000
1679520730.80276752 11.37635326 -13.92484760 1.18834174 0.00000000 0.00000000 0.00000000 1.00000000
1679520730.85315061 11.46541214 -14.15953064 1.19507563 0.00000000 0.00000000 0.00000000 1.00000000
1679520730.90290189 11.55503845 -14.39644146 1.20113587 0.00000000 0.00000000 0.00000000 1.00000000
1679520730.95325828 11.64572430 -14.63547325 1.20822692 0.00000000 0.00000000 0.00000000 1.00000000
1679520731.00299048 11.73747349 -14.87652969 1.21477973 0.00000000 0.00000000 0.00000000 1.00000000
1679520731.05492091 11.82991791 -15.11971664 1.22176528 0.00000000 0.00000000 0.00000000 1.00000000
1679520731.10306716 11.92382812 -15.36491489 1.22807384 0.00000000 0.00000000 0.00000000 1.00000000
1679520731.15324092 12.01654339 -15.61645412 1.23697948 0.00000000 0.00000000 0.00000000 1.00000000
1679520731.20300460 12.11114502 -15.86939716 1.24485862 0.00000000 0.00000000 0.00000000 1.00000000
1679520731.25356913 12.20677757 -16.12397575 1.25161922 0.00000000 0.00000000 0.00000000 1.00000000
1679520731.30312085 12.30273819 -16.37755203 1.25707316 0.00000000 0.00000000 0.00000000 1.00000000
1679520731.35321498 12.40211487 -16.63327789 1.26051795 0.00000000 0.00000000 0.00000000 1.00000000
1679520731.40312314 12.50277042 -16.89030647 1.26300597 0.00000000 0.00000000 0.00000000 1.00000000
1679520731.45337296 12.60442543 -17.14942551 1.26601887 0.00000000 0.00000000 0.00000000 1.00000000
1679520731.50327325 12.70754433 -17.41046715 1.26878119 0.00000000 0.00000000 0.00000000 1.00000000
1679520731.55349064 12.81674194 -17.67061424 1.26481903 0.00000000 0.00000000 0.00000000 1.00000000
1679520731.60329533 12.92505455 -17.93019676 1.26152396 0.00000000 0.00000000 0.00000000 1.00000000
1679520731.65354848 13.03462315 -18.19449615 1.25726509 0.00000000 0.00000000 0.00000000 1.00000000
1679520731.70332527 13.14438057 -18.46093750 1.25322723 0.00000000 0.00000000 0.00000000 1.00000000
1679520731.75358319 13.24510002 -18.73656845 1.24907541 0.00000000 0.00000000 0.00000000 1.00000000
1679520731.80268121 13.34478092 -19.01524544 1.24549711 0.00000000 0.00000000 0.00000000 1.00000000
1679520731.85365748 13.44557571 -19.29489708 1.24411798 0.00000000 0.00000000 0.00000000 1.00000000
1679520731.90274835 13.54774666 -19.57540321 1.24374747 0.00000000 0.00000000 0.00000000 1.00000000
1679520731.95305181 13.64126492 -19.86460495 1.24299622 0.00000000 0.00000000 0.00000000 1.00000000
1679520732.00300503 13.73358536 -20.15629959 1.24274206 0.00000000 0.00000000 0.00000000 1.00000000
1679520732.05312753 13.82863045 -20.44767189 1.24388564 0.00000000 0.00000000 0.00000000 1.00000000
1679520732.10292816 13.92416954 -20.73607063 1.24580777 0.00000000 0.00000000 0.00000000 1.00000000
1679520732.15326476 14.02396393 -21.02108002 1.25216281 0.00000000 0.00000000 0.00000000 1.00000000
1679520732.20303893 14.12556267 -21.30465889 1.25951958 0.00000000 0.00000000 0.00000000 1.00000000
1679520732.25338411 14.22894382 -21.58873940 1.26782548 0.00000000 0.00000000 0.00000000 1.00000000
1679520732.30316544 14.33353615 -21.87286758 1.27607048 0.00000000 0.00000000 0.00000000 1.00000000
1679520732.35307622 14.44281864 -22.15336418 1.28281856 0.00000000 0.00000000 0.00000000 1.00000000
1679520732.40307975 14.55383110 -22.43263817 1.28919983 0.00000000 0.00000000 0.00000000 1.00000000
1679520732.45310307 14.66578484 -22.71146011 1.29708421 0.00000000 0.00000000 0.00000000 1.00000000
1679520732.50311255 14.77816772 -22.98995209 1.30540431 0.00000000 0.00000000 0.00000000 1.00000000
1679520732.55331230 14.89875793 -23.26379776 1.31443071 0.00000000 0.00000000 0.00000000 1.00000000
1679520732.60315204 15.02127171 -23.53540993 1.32295501 0.00000000 0.00000000 0.00000000 1.00000000
1679520732.65337515 15.14256382 -23.80303383 1.33128774 0.00000000 0.00000000 0.00000000 1.00000000
1679520732.70328689 15.26440525 -24.07223892 1.33901072 0.00000000 0.00000000 0.00000000 1.00000000
1679520732.75365162 15.39020729 -24.33540154 1.34890497 0.00000000 0.00000000 0.00000000 1.00000000
1679520732.80330634 15.51616478 -24.59604073 1.35874581 0.00000000 0.00000000 0.00000000 1.00000000
1679520732.85349417 15.64177132 -24.85522079 1.37254357 0.00000000 0.00000000 0.00000000 1.00000000
1679520732.90285873 15.76687145 -25.11302376 1.38606024 0.00000000 0.00000000 0.00000000 1.00000000
1679520732.95360613 15.89107800 -25.36845016 1.40131640 0.00000000 0.00000000 0.00000000 1.00000000
1679520733.00279951 16.01389694 -25.61935043 1.41557920 0.00000000 0.00000000 0.00000000 1.00000000
1679520733.05373144 16.13718796 -25.87108994 1.43090892 0.00000000 0.00000000 0.00000000 1.00000000
1679520733.10288906 16.26050568 -26.12065697 1.44482958 0.00000000 0.00000000 0.00000000 1.00000000
1679520733.15301847 16.38218307 -26.36459541 1.46043468 0.00000000 0.00000000 0.00000000 1.00000000
1679520733.20291138 16.50334549 -26.60555458 1.47469556 0.00000000 0.00000000 0.00000000 1.00000000
1679520733.25317025 16.62444687 -26.84389305 1.49114597 0.00000000 0.00000000 0.00000000 1.00000000
1679520733.30312395 16.74538803 -27.07935333 1.50614846 0.00000000 0.00000000 0.00000000 1.00000000
1679520733.35336351 16.86637878 -27.30821419 1.51768661 0.00000000 0.00000000 0.00000000 1.00000000
1679520733.40312338 16.98674393 -27.53302193 1.52670121 0.00000000 0.00000000 0.00000000 1.00000000
1679520733.45360708 17.10731316 -27.75426483 1.53433239 0.00000000 0.00000000 0.00000000 1.00000000
1679520733.50313759 17.22629166 -27.96930695 1.54060292 0.00000000 0.00000000 0.00000000 1.00000000
1679520733.55352306 17.34151840 -28.17687988 1.54218757 0.00000000 0.00000000 0.00000000 1.00000000
1679520733.60318637 17.45524597 -28.37897682 1.54240859 0.00000000 0.00000000 0.00000000 1.00000000
1679520733.65373468 17.56953430 -28.57638168 1.54491997 0.00000000 0.00000000 0.00000000 1.00000000
1679520733.70336723 17.68356705 -28.76833153 1.54729569 0.00000000 0.00000000 0.00000000 1.00000000
1679520733.75349569 17.79169464 -28.95097160 1.54859138 0.00000000 0.00000000 0.00000000 1.00000000
1679520733.80318165 17.89813995 -29.12758636 1.54975855 0.00000000 0.00000000 0.00000000 1.00000000
1679520733.85347509 18.00404358 -29.29920006 1.55306506 0.00000000 0.00000000 0.00000000 1.00000000
1679520733.90325856 18.10939407 -29.46545410 1.55596828 0.00000000 0.00000000 0.00000000 1.00000000
1679520733.95359015 18.20417976 -29.62178993 1.55719376 0.00000000 0.00000000 0.00000000 1.00000000
1679520734.00333548 18.29548264 -29.77158356 1.55732501 0.00000000 0.00000000 0.00000000 1.00000000
1679520734.05369568 18.38507652 -29.91520119 1.55748570 0.00000000 0.00000000 0.00000000 1.00000000
1679520734.10349774 18.47495079 -30.05530357 1.55729008 0.00000000 0.00000000 0.00000000 1.00000000
1679520734.15369606 18.56242371 -30.18702507 1.55575502 0.00000000 0.00000000 0.00000000 1.00000000
1679520734.20296669 18.64825249 -30.31388664 1.55400443 0.00000000 0.00000000 0.00000000 1.00000000
1679520734.25372076 18.73272896 -30.43696404 1.55236018 0.00000000 0.00000000 0.00000000 1.00000000
1679520734.30567932 18.81523323 -30.55600739 1.55040264 0.00000000 0.00000000 0.00000000 1.00000000
1679520734.35324955 18.89270020 -30.67022896 1.55001867 0.00000000 0.00000000 0.00000000 1.00000000
1679520734.40377522 18.96838188 -30.78035545 1.54988718 0.00000000 0.00000000 0.00000000 1.00000000
1679520734.45346117 19.04330444 -30.88665771 1.54914010 0.00000000 0.00000000 0.00000000 1.00000000
1679520734.50311089 19.11682320 -30.98927689 1.54873681 0.00000000 0.00000000 0.00000000 1.00000000
1679520734.55348253 19.18318558 -31.08318710 1.54752672 0.00000000 0.00000000 0.00000000 1.00000000
1679520734.60324645 19.24833107 -31.17356110 1.54652405 0.00000000 0.00000000 0.00000000 1.00000000
1679520734.65327120 19.31258965 -31.26060104 1.54599047 0.00000000 0.00000000 0.00000000 1.00000000
1679520734.70342541 19.37661552 -31.34366417 1.54577863 0.00000000 0.00000000 0.00000000 1.00000000
1679520734.75371075 19.43329239 -31.42292786 1.54751217 0.00000000 0.00000000 0.00000000 1.00000000
1679520734.80331182 19.48941231 -31.49828148 1.54980958 0.00000000 0.00000000 0.00000000 1.00000000
1679520734.85391140 19.54544258 -31.57011414 1.55256200 0.00000000 0.00000000 0.00000000 1.00000000
1679520734.90325475 19.60138130 -31.63867950 1.55579102 0.00000000 0.00000000 0.00000000 1.00000000
1679520734.95371127 19.64904213 -31.70434570 1.55901551 0.00000000 0.00000000 0.00000000 1.00000000
1679520735.00326729 19.69509506 -31.76763344 1.56234896 0.00000000 0.00000000 0.00000000 1.00000000
1679520735.05401063 19.74114609 -31.82762146 1.56624889 0.00000000 0.00000000 0.00000000 1.00000000
1679520735.10343051 19.78663635 -31.88476181 1.57040060 0.00000000 0.00000000 0.00000000 1.00000000
1679520735.15402937 19.82746315 -31.94041824 1.57413948 0.00000000 0.00000000 0.00000000 1.00000000
1679520735.20352221 19.86651993 -31.99384308 1.57774746 0.00000000 0.00000000 0.00000000 1.00000000
1679520735.25364375 19.90552139 -32.04467773 1.58037603 0.00000000 0.00000000 0.00000000 1.00000000
1679520735.30341554 19.94437790 -32.09261322 1.58273065 0.00000000 0.00000000 0.00000000 1.00000000
1679520735.35382175 19.97670746 -32.14335251 1.58341122 0.00000000 0.00000000 0.00000000 1.00000000
1679520735.40289783 20.00674820 -32.19198608 1.58385968 0.00000000 0.00000000 0.00000000 1.00000000
1679520735.45374107 20.03588867 -32.23659515 1.58384275 0.00000000 0.00000000 0.00000000 1.00000000
1679520735.50303960 20.06509209 -32.27841568 1.58425725 0.00000000 0.00000000 0.00000000 1.00000000
1679520735.55313945 20.09223938 -32.32198715 1.58311653 0.00000000 0.00000000 0.00000000 1.00000000
1679520735.60303307 20.11828995 -32.36371231 1.58214355 0.00000000 0.00000000 0.00000000 1.00000000
1679520735.65335417 20.14430428 -32.40194702 1.58086824 0.00000000 0.00000000 0.00000000 1.00000000
1679520735.70307565 20.17033195 -32.43648148 1.57978475 0.00000000 0.00000000 0.00000000 1.00000000
1679520735.75325823 20.19782066 -32.47676849 1.57967138 0.00000000 0.00000000 0.00000000 1.00000000
1679520735.80303264 20.22530174 -32.51544952 1.58020568 0.00000000 0.00000000 0.00000000 1.00000000
1679520735.85331488 20.25196457 -32.54933929 1.58061397 0.00000000 0.00000000 0.00000000 1.00000000
1679520735.90320015 20.27766228 -32.57855225 1.58137500 0.00000000 0.00000000 0.00000000 1.00000000
1679520735.95361471 20.30101585 -32.60866928 1.58320248 0.00000000 0.00000000 0.00000000 1.00000000
1679520736.00321984 20.32319832 -32.63578796 1.58563697 0.00000000 0.00000000 0.00000000 1.00000000
1679520736.05360818 20.34418488 -32.65822983 1.58821034 0.00000000 0.00000000 0.00000000 1.00000000
1679520736.10321450 20.36332893 -32.67568970 1.59072912 0.00000000 0.00000000 0.00000000 1.00000000
1679520736.15369463 20.37707520 -32.68766022 1.59016740 0.00000000 0.00000000 0.00000000 1.00000000
1679520736.20343709 20.38952065 -32.69444275 1.58957112 0.00000000 0.00000000 0.00000000 1.00000000
1679520736.25373173 20.40057564 -32.69623184 1.58912241 0.00000000 0.00000000 0.00000000 1.00000000
1679520736.30332112 20.40985680 -32.69306564 1.58893049 0.00000000 0.00000000 0.00000000 1.00000000
1679520736.35350776 20.41498375 -32.68804550 1.58800745 0.00000000 0.00000000 0.00000000 1.00000000
1679520736.40447521 20.41771698 -32.67948151 1.58701599 0.00000000 0.00000000 0.00000000 1.00000000
1679520736.45362377 20.41867256 -32.66605377 1.58578444 0.00000000 0.00000000 0.00000000 1.00000000
1679520736.50350404 20.41819763 -32.64773941 1.58424616 0.00000000 0.00000000 0.00000000 1.00000000
1679520736.55373383 20.41102982 -32.63113022 1.58333516 0.00000000 0.00000000 0.00000000 1.00000000
1679520736.60357308 20.40095901 -32.61191940 1.58256245 0.00000000 0.00000000 0.00000000 1.00000000
1679520736.65370703 20.39037323 -32.58850479 1.58102524 0.00000000 0.00000000 0.00000000 1.00000000
1679520736.70367503 20.37859154 -32.56146240 1.57926083 0.00000000 0.00000000 0.00000000 1.00000000
1679520736.75293016 20.36173058 -32.53315735 1.57656336 0.00000000 0.00000000 0.00000000 1.00000000
1679520736.80380940 20.34363747 -32.50212097 1.57373667 0.00000000 0.00000000 0.00000000 1.00000000
1679520736.85302019 20.32476234 -32.46831131 1.57074142 0.00000000 0.00000000 0.00000000 1.00000000
1679520736.90294051 20.30566216 -32.43038940 1.56774628 0.00000000 0.00000000 0.00000000 1.00000000
1679520736.95316076 20.28256226 -32.39392853 1.56369615 0.00000000 0.00000000 0.00000000 1.00000000
1679520737.00298023 20.25829315 -32.35492325 1.55984294 0.00000000 0.00000000 0.00000000 1.00000000
1679520737.05334997 20.23411560 -32.31295776 1.55651903 0.00000000 0.00000000 0.00000000 1.00000000
1679520737.10301733 20.20964813 -32.26775742 1.55369604 0.00000000 0.00000000 0.00000000 1.00000000
1679520737.15311527 20.18304253 -32.22103500 1.55062234 0.00000000 0.00000000 0.00000000 1.00000000
1679520737.20323992 20.15540314 -32.17163467 1.54780161 0.00000000 0.00000000 0.00000000 1.00000000
1679520737.25323653 20.12832451 -32.11922455 1.54562581 0.00000000 0.00000000 0.00000000 1.00000000
1679520737.30335069 20.10080719 -32.06399536 1.54403818 0.00000000 0.00000000 0.00000000 1.00000000
1679520737.35337591 20.06814957 -32.00607681 1.54134786 0.00000000 0.00000000 0.00000000 1.00000000
1679520737.40339160 20.03410721 -31.94534683 1.53879797 0.00000000 0.00000000 0.00000000 1.00000000
1679520737.45345497 19.99953461 -31.88177299 1.53510463 0.00000000 0.00000000 0.00000000 1.00000000
1679520737.50336623 19.96537018 -31.81569290 1.53157926 0.00000000 0.00000000 0.00000000 1.00000000
1679520737.55361032 19.92557907 -31.75000572 1.52533185 0.00000000 0.00000000 0.00000000 1.00000000
1679520737.60338712 19.88574600 -31.68100929 1.52015722 0.00000000 0.00000000 0.00000000 1.00000000
1679520737.65346003 19.84586525 -31.60886383 1.51544702 0.00000000 0.00000000 0.00000000 1.00000000
1679520737.70345807 19.80620003 -31.53410912 1.51169550 0.00000000 0.00000000 0.00000000 1.00000000
1679520737.75351024 19.76365662 -31.45978737 1.50703371 0.00000000 0.00000000 0.00000000 1.00000000
1679520737.80355167 19.72025299 -31.38471985 1.50287783 0.00000000 0.00000000 0.00000000 1.00000000
1679520737.85367250 19.67612648 -31.30660057 1.49978256 0.00000000 0.00000000 0.00000000 1.00000000
1679520737.90364504 19.63162994 -31.22634125 1.49756432 0.00000000 0.00000000 0.00000000 1.00000000
1679520737.95370793 19.58281898 -31.14902306 1.49591994 0.00000000 0.00000000 0.00000000 1.00000000
1679520738.00367188 19.53248596 -31.07104683 1.49486411 0.00000000 0.00000000 0.00000000 1.00000000
1679520738.05386257 19.48201561 -30.99098969 1.49434364 0.00000000 0.00000000 0.00000000 1.00000000
1679520738.10288715 19.43109894 -30.90885925 1.49430645 0.00000000 0.00000000 0.00000000 1.00000000
1679520738.15318298 19.37899590 -30.82727432 1.49342895 0.00000000 0.00000000 0.00000000 1.00000000
1679520738.20308137 19.32604408 -30.74445724 1.49281847 0.00000000 0.00000000 0.00000000 1.00000000
1679520738.25320220 19.27255630 -30.65988731 1.49287975 0.00000000 0.00000000 0.00000000 1.00000000
1679520738.30313635 19.21905708 -30.57436562 1.49347985 0.00000000 0.00000000 0.00000000 1.00000000
1679520738.35324383 19.16096687 -30.49188614 1.49526548 0.00000000 0.00000000 0.00000000 1.00000000
1679520738.40318727 19.10192871 -30.40826416 1.49761558 0.00000000 0.00000000 0.00000000 1.00000000
1679520738.45344639 19.04302597 -30.32145882 1.50016665 0.00000000 0.00000000 0.00000000 1.00000000
1679520738.50334072 18.98375702 -30.23170280 1.50288987 0.00000000 0.00000000 0.00000000 1.00000000
1679520738.55332470 18.92441940 -30.14131737 1.50497806 0.00000000 0.00000000 0.00000000 1.00000000
1679520738.60343099 18.86457062 -30.04854202 1.50698829 0.00000000 0.00000000 0.00000000 1.00000000
1679520738.65345764 18.80479622 -29.95246506 1.50812924 0.00000000 0.00000000 0.00000000 1.00000000
1679520738.70346951 18.74484062 -29.85325623 1.50916612 0.00000000 0.00000000 0.00000000 1.00000000
1679520738.75354052 18.68313026 -29.75264168 1.50938451 0.00000000 0.00000000 0.00000000 1.00000000
1679520738.80351806 18.62090874 -29.64899063 1.50963879 0.00000000 0.00000000 0.00000000 1.00000000
1679520738.85364652 18.55824280 -29.54187202 1.50978792 0.00000000 0.00000000 0.00000000 1.00000000
1679520738.90357423 18.49541664 -29.43141556 1.51012397 0.00000000 0.00000000 0.00000000 1.00000000
1679520738.95364785 18.42969704 -29.32310677 1.50870609 0.00000000 0.00000000 0.00000000 1.00000000
1679520739.00356007 18.36226082 -29.21135139 1.50736916 0.00000000 0.00000000 0.00000000 1.00000000
1679520739.05374646 18.29474258 -29.09602165 1.50679505 0.00000000 0.00000000 0.00000000 1.00000000
1679520739.10363102 18.22689056 -28.97736549 1.50674212 0.00000000 0.00000000 0.00000000 1.00000000
1679520739.15379858 18.15855598 -28.85803413 1.50485444 0.00000000 0.00000000 0.00000000 1.00000000
1679520739.20372653 18.09003830 -28.73617172 1.50291061 0.00000000 0.00000000 0.00000000 1.00000000
1679520739.25387144 18.02160645 -28.61264801 1.50258768 0.00000000 0.00000000 0.00000000 1.00000000
1679520739.30377626 17.95207024 -28.48500443 1.50319767 0.00000000 0.00000000 0.00000000 1.00000000
1679520739.35391665 17.88072395 -28.35738182 1.50426209 0.00000000 0.00000000 0.00000000 1.00000000
1679520739.40389705 17.80844116 -28.22774315 1.50586915 0.00000000 0.00000000 0.00000000 1.00000000
1679520739.45397091 17.73559380 -28.09528923 1.50708091 0.00000000 0.00000000 0.00000000 1.00000000
1679520739.50315642 17.66239357 -27.96013641 1.50829792 0.00000000 0.00000000 0.00000000 1.00000000
1679520739.55340242 17.58937073 -27.82551575 1.50917518 0.00000000 0.00000000 0.00000000 1.00000000
1679520739.60319471 17.51548386 -27.68921280 1.51016307 0.00000000 0.00000000 0.00000000 1.00000000
1679520739.65335083 17.44088745 -27.55014038 1.51027477 0.00000000 0.00000000 0.00000000 1.00000000
1679520739.70328999 17.36569023 -27.40858269 1.51016796 0.00000000 0.00000000 0.00000000 1.00000000
1679520739.75345159 17.28960800 -27.27044296 1.51087916 0.00000000 0.00000000 0.00000000 1.00000000
1679520739.80334139 17.21168900 -27.12953568 1.51188684 0.00000000 0.00000000 0.00000000 1.00000000
1679520739.85354733 17.13325691 -26.98638725 1.51310682 0.00000000 0.00000000 0.00000000 1.00000000
1679520739.90356231 17.05401802 -26.84108734 1.51415908 0.00000000 0.00000000 0.00000000 1.00000000
1679520739.95357037 16.97459602 -26.69769669 1.51585054 0.00000000 0.00000000 0.00000000 1.00000000
1679520740.00345683 16.89518356 -26.55334282 1.51746833 0.00000000 0.00000000 0.00000000 1.00000000
1679520740.05372119 16.81468201 -26.40662956 1.51917827 0.00000000 0.00000000 0.00000000 1.00000000
1679520740.10347724 16.73388672 -26.25785637 1.52070129 0.00000000 0.00000000 0.00000000 1.00000000
1679520740.15362144 16.65568733 -26.11137009 1.52227306 0.00000000 0.00000000 0.00000000 1.00000000
1679520740.20372534 16.57788277 -25.96426010 1.52371049 0.00000000 0.00000000 0.00000000 1.00000000
1679520740.25378084 16.50091171 -25.81754875 1.52527535 0.00000000 0.00000000 0.00000000 1.00000000
1679520740.30371022 16.42238426 -25.66826630 1.52686441 0.00000000 0.00000000 0.00000000 1.00000000
1679520740.35367751 16.34411430 -25.52288437 1.52807546 0.00000000 0.00000000 0.00000000 1.00000000
1679520740.40376043 16.26527214 -25.37773514 1.52933383 0.00000000 0.00000000 0.00000000 1.00000000
1679520740.45587301 16.18680954 -25.23155212 1.53046191 0.00000000 0.00000000 0.00000000 1.00000000
1679520740.50377154 16.10880470 -25.08440399 1.53182650 0.00000000 0.00000000 0.00000000 1.00000000
1679520740.55396509 16.03212738 -24.93846703 1.53377604 0.00000000 0.00000000 0.00000000 1.00000000
1679520740.60388064 15.95649052 -24.79240799 1.53593540 0.00000000 0.00000000 0.00000000 1.00000000
1679520740.65400195 15.88102531 -24.64555931 1.53810799 0.00000000 0.00000000 0.00000000 1.00000000
1679520740.70393133 15.80584145 -24.49796867 1.53968489 0.00000000 0.00000000 0.00000000 1.00000000
1679520740.75339961 15.73555470 -24.35172272 1.54029977 0.00000000 0.00000000 0.00000000 1.00000000
1679520740.80330014 15.66704082 -24.20664024 1.54041398 0.00000000 0.00000000 0.00000000 1.00000000
1679520740.85341334 15.59735680 -24.05708885 1.53991032 0.00000000 0.00000000 0.00000000 1.00000000
1679520740.90322804 15.52899551 -23.90939903 1.53849936 0.00000000 0.00000000 0.00000000 1.00000000
1679520740.95337796 15.46080875 -23.76225471 1.53707647 0.00000000 0.00000000 0.00000000 1.00000000
1679520741.00339818 15.39286613 -23.61434746 1.53514135 0.00000000 0.00000000 0.00000000 1.00000000
1679520741.05340409 15.32462406 -23.46489143 1.53288412 0.00000000 0.00000000 0.00000000 1.00000000
1679520741.10341692 15.25634670 -23.31357384 1.53008425 0.00000000 0.00000000 0.00000000 1.00000000
1679520741.15349841 15.18908501 -23.16098022 1.52552235 0.00000000 0.00000000 0.00000000 1.00000000
1679520741.20356774 15.12261868 -23.00818443 1.52047002 0.00000000 0.00000000 0.00000000 1.00000000
1679520741.25362420 15.05478764 -22.85223389 1.51524746 0.00000000 0.00000000 0.00000000 1.00000000
1679520741.30362129 14.98638821 -22.69449997 1.50989485 0.00000000 0.00000000 0.00000000 1.00000000
1679520741.35374665 14.91971302 -22.53920364 1.50492322 0.00000000 0.00000000 0.00000000 1.00000000
1679520741.40368986 14.85242367 -22.38333511 1.50025249 0.00000000 0.00000000 0.00000000 1.00000000
1679520741.45368242 14.78473186 -22.22555542 1.49575949 0.00000000 0.00000000 0.00000000 1.00000000
1679520741.50363922 14.71551037 -22.06627655 1.49183762 0.00000000 0.00000000 0.00000000 1.00000000
1679520741.55385351 14.64673233 -21.90773201 1.48950160 0.00000000 0.00000000 0.00000000 1.00000000
1679520741.60374331 14.57658100 -21.74776649 1.48768914 0.00000000 0.00000000 0.00000000 1.00000000
1679520741.65391588 14.50607300 -21.58802032 1.48619652 0.00000000 0.00000000 0.00000000 1.00000000
1679520741.70384979 14.43403721 -21.42551613 1.48506570 0.00000000 0.00000000 0.00000000 1.00000000
1679520741.75395942 14.36165237 -21.26440811 1.48546004 0.00000000 0.00000000 0.00000000 1.00000000
1679520741.80389690 14.28860092 -21.10321045 1.48632956 0.00000000 0.00000000 0.00000000 1.00000000
1679520741.85400510 14.21408272 -20.94096184 1.48702133 0.00000000 0.00000000 0.00000000 1.00000000
1679520741.90328860 14.13828278 -20.77789688 1.48747087 0.00000000 0.00000000 0.00000000 1.00000000
1679520741.95407557 14.06155300 -20.61711311 1.48644066 0.00000000 0.00000000 0.00000000 1.00000000
1679520742.00334263 13.98293972 -20.45627594 1.48492551 0.00000000 0.00000000 0.00000000 1.00000000
1679520742.05417562 13.90311050 -20.29430389 1.48242426 0.00000000 0.00000000 0.00000000 1.00000000
1679520742.10327172 13.82114887 -20.13127136 1.47919977 0.00000000 0.00000000 0.00000000 1.00000000
1679520742.15343499 13.73702240 -19.96879196 1.47244966 0.00000000 0.00000000 0.00000000 1.00000000
1679520742.20329213 13.65081215 -19.80540848 1.46489739 0.00000000 0.00000000 0.00000000 1.00000000
1679520742.25342703 13.56348419 -19.64083290 1.45731521 0.00000000 0.00000000 0.00000000 1.00000000
1679520742.30342793 13.47445679 -19.47489166 1.45020044 0.00000000 0.00000000 0.00000000 1.00000000
1679520742.35352278 13.38811970 -19.31119537 1.44320548 0.00000000 0.00000000 0.00000000 1.00000000
1679520742.40373898 13.29969788 -19.14479256 1.43685842 0.00000000 0.00000000 0.00000000 1.00000000
1679520742.45360518 13.21003628 -18.97639275 1.43158007 0.00000000 0.00000000 0.00000000 1.00000000
1679520742.50361085 13.11904049 -18.80623055 1.42703378 0.00000000 0.00000000 0.00000000 1.00000000
1679520742.55367684 13.02284527 -18.63791084 1.41658795 0.00000000 0.00000000 0.00000000 1.00000000
1679520742.60373473 12.92625141 -18.47064400 1.40571678 0.00000000 0.00000000 0.00000000 1.00000000
1679520742.65380979 12.82839394 -18.29962730 1.39680839 0.00000000 0.00000000 0.00000000 1.00000000
1679520742.70381594 12.73132515 -18.12658310 1.38918221 0.00000000 0.00000000 0.00000000 1.00000000
1679520742.75391459 12.63335800 -17.95184517 1.37660372 0.00000000 0.00000000 0.00000000 1.00000000
1679520742.80372071 12.53611565 -17.77532196 1.36396003 0.00000000 0.00000000 0.00000000 1.00000000
1679520742.85397458 12.43925476 -17.59737206 1.35308933 0.00000000 0.00000000 0.00000000 1.00000000
1679520742.90388656 12.34319210 -17.41785431 1.34384954 0.00000000 0.00000000 0.00000000 1.00000000
1679520742.95395494 12.23218060 -17.24543571 1.32508278 0.00000000 0.00000000 0.00000000 1.00000000
1679520743.00396943 12.12391663 -17.07095909 1.30954206 0.00000000 0.00000000 0.00000000 1.00000000
1679520743.05402160 12.01871777 -16.89509583 1.29680991 0.00000000 0.00000000 0.00000000 1.00000000
1679520743.10395741 11.91669846 -16.71965790 1.28663719 0.00000000 0.00000000 0.00000000 1.00000000
1679520743.15417647 11.80281544 -16.54767418 1.27378023 0.00000000 0.00000000 0.00000000 1.00000000
1679520743.20331907 11.68805504 -16.37616158 1.26174724 0.00000000 0.00000000 0.00000000 1.00000000
1679520743.25340676 11.57763672 -16.20315933 1.25276732 0.00000000 0.00000000 0.00000000 1.00000000
1679520743.30417705 11.47034740 -16.02864265 1.24571204 0.00000000 0.00000000 0.00000000 1.00000000
1679520743.35348940 11.34797573 -15.85709667 1.23718703 0.00000000 0.00000000 0.00000000 1.00000000
1679520743.40422320 11.22426319 -15.68528080 1.22948921 0.00000000 0.00000000 0.00000000 1.00000000
1679520743.45356894 11.10615158 -15.51210499 1.22292507 0.00000000 0.00000000 0.00000000 1.00000000
1679520743.50346661 10.99213791 -15.33764744 1.21718097 0.00000000 0.00000000 0.00000000 1.00000000
1679520743.55355453 10.87099171 -15.16772747 1.21152484 0.00000000 0.00000000 0.00000000 1.00000000
1679520743.60365510 10.75062466 -14.99768066 1.20652270 0.00000000 0.00000000 0.00000000 1.00000000
1679520743.65356708 10.63481617 -14.82606411 1.20241523 0.00000000 0.00000000 0.00000000 1.00000000
1679520743.70361471 10.52231026 -14.65289497 1.19872892 0.00000000 0.00000000 0.00000000 1.00000000
1679520743.75373268 10.40593719 -14.48118496 1.19640362 0.00000000 0.00000000 0.00000000 1.00000000
1679520743.80372667 10.28951836 -14.30635262 1.19461572 0.00000000 0.00000000 0.00000000 1.00000000
1679520743.85378122 10.17685890 -14.13002968 1.19383609 0.00000000 0.00000000 0.00000000 1.00000000
1679520743.90368581 10.06674099 -13.95244980 1.19350433 0.00000000 0.00000000 0.00000000 1.00000000
1679520743.95389891 9.95166302 -13.77507782 1.19141638 0.00000000 0.00000000 0.00000000 1.00000000
1679520744.00373220 9.83658886 -13.59695148 1.18910956 0.00000000 0.00000000 0.00000000 1.00000000
1679520744.05397940 9.72555923 -13.41945934 1.18870449 0.00000000 0.00000000 0.00000000 1.00000000
1679520744.10384488 9.61559772 -13.23895264 1.18845201 0.00000000 0.00000000 0.00000000 1.00000000
1679520744.15391636 9.50156784 -13.05286407 1.18544459 0.00000000 0.00000000 0.00000000 1.00000000
1679520744.20396042 9.38842678 -12.86489296 1.18124890 0.00000000 0.00000000 0.00000000 1.00000000
1679520744.25397992 9.27779102 -12.67707634 1.17670965 0.00000000 0.00000000 0.00000000 1.00000000
1679520744.30399489 9.16968822 -12.48868561 1.17217469 0.00000000 0.00000000 0.00000000 1.00000000
1679520744.35404539 9.06863880 -12.28168011 1.16476619 0.00000000 0.00000000 0.00000000 1.00000000
1679520744.40402222 8.96911621 -12.07598877 1.15881598 0.00000000 0.00000000 0.00000000 1.00000000
1679520744.45410681 8.87127876 -11.87135506 1.15450454 0.00000000 0.00000000 0.00000000 1.00000000
1679520744.50411344 8.77582550 -11.66954994 1.15123069 0.00000000 0.00000000 0.00000000 1.00000000
1679520744.55357313 8.68672657 -11.46183395 1.14919019 0.00000000 0.00000000 0.00000000 1.00000000
1679520744.60350204 8.59947968 -11.25354195 1.14756167 0.00000000 0.00000000 0.00000000 1.00000000
1679520744.65354633 8.51331425 -11.04620075 1.14785039 0.00000000 0.00000000 0.00000000 1.00000000
1679520744.70366621 8.42726135 -10.83983612 1.14885056 0.00000000 0.00000000 0.00000000 1.00000000
1679520744.75370049 8.34597874 -10.63043499 1.15052855 0.00000000 0.00000000 0.00000000 1.00000000
1679520744.80378604 8.26546955 -10.42157078 1.15143442 0.00000000 0.00000000 0.00000000 1.00000000
1679520744.85372019 8.18513870 -10.21457005 1.15301752 0.00000000 0.00000000 0.00000000 1.00000000
1679520744.90366578 8.10431671 -10.00899601 1.15480292 0.00000000 0.00000000 0.00000000 1.00000000
1679520744.95380259 8.02912712 -9.80613613 1.15857887 0.00000000 0.00000000 0.00000000 1.00000000
1679520745.00373054 7.95494795 -9.60527039 1.16198254 0.00000000 0.00000000 0.00000000 1.00000000
1679520745.05375981 7.87986040 -9.40582752 1.16540468 0.00000000 0.00000000 0.00000000 1.00000000
1679520745.10395694 7.80430841 -9.20802879 1.16865516 0.00000000 0.00000000 0.00000000 1.00000000
1679520745.15387034 7.73434591 -9.01195526 1.17242765 0.00000000 0.00000000 0.00000000 1.00000000
1679520745.20395541 7.66395378 -8.81565475 1.17538643 0.00000000 0.00000000 0.00000000 1.00000000
1679520745.25396252 7.59250927 -8.62092209 1.17740536 0.00000000 0.00000000 0.00000000 1.00000000
1679520745.30388212 7.51976490 -8.42719364 1.17882442 0.00000000 0.00000000 0.00000000 1.00000000
1679520745.35398221 7.45548964 -8.23198795 1.18007755 0.00000000 0.00000000 0.00000000 1.00000000
1679520745.40400863 7.39213037 -8.03704453 1.18079031 0.00000000 0.00000000 0.00000000 1.00000000
1679520745.45396113 7.32796860 -7.84530306 1.17998469 0.00000000 0.00000000 0.00000000 1.00000000
1679520745.50403976 7.26099730 -7.65190697 1.17833042 0.00000000 0.00000000 0.00000000 1.00000000
1679520745.55406713 7.19983482 -7.45432281 1.17699373 0.00000000 0.00000000 0.00000000 1.00000000
1679520745.60409713 7.13834190 -7.25576639 1.17540812 0.00000000 0.00000000 0.00000000 1.00000000
1679520745.65418339 7.07531261 -7.05784130 1.17564893 0.00000000 0.00000000 0.00000000 1.00000000
1679520745.70412779 7.01030254 -6.86021233 1.17641962 0.00000000 0.00000000 0.00000000 1.00000000
1679520745.75423932 6.95073938 -6.65801859 1.17932701 0.00000000 0.00000000 0.00000000 1.00000000
1679520745.80521321 6.89181566 -6.45505095 1.18220580 0.00000000 0.00000000 0.00000000 1.00000000
1679520745.85357261 6.83040190 -6.25270605 1.19203818 0.00000000 0.00000000 0.00000000 1.00000000
1679520745.90345001 6.76790762 -6.05083847 1.20231616 0.00000000 0.00000000 0.00000000 1.00000000
1679520745.95368218 6.71375179 -5.84864712 1.21239555 0.00000000 0.00000000 0.00000000 1.00000000
1679520746.00352526 6.65928459 -5.64401054 1.22074151 0.00000000 0.00000000 0.00000000 1.00000000
1679520746.05368781 6.60284710 -5.44010258 1.22879231 0.00000000 0.00000000 0.00000000 1.00000000
1679520746.10359097 6.54435444 -5.23696184 1.23577762 0.00000000 0.00000000 0.00000000 1.00000000
1679520746.15385008 6.49690056 -5.03178310 1.24144602 0.00000000 0.00000000 0.00000000 1.00000000
1679520746.20382118 6.45054436 -4.82645655 1.24581552 0.00000000 0.00000000 0.00000000 1.00000000
1679520746.25384474 6.40080833 -4.62147760 1.25319910 0.00000000 0.00000000 0.00000000 1.00000000
1679520746.30394864 6.34896708 -4.41677094 1.26029539 0.00000000 0.00000000 0.00000000 1.00000000
1679520746.35400701 6.30672741 -4.20880365 1.26815343 0.00000000 0.00000000 0.00000000 1.00000000
1679520746.40383077 6.26490593 -4.00012255 1.27519035 0.00000000 0.00000000 0.00000000 1.00000000
1679520746.45406699 6.21987963 -3.79198098 1.27962399 0.00000000 0.00000000 0.00000000 1.00000000
1679520746.50388432 6.17230606 -3.58641672 1.28307283 0.00000000 0.00000000 0.00000000 1.00000000
1679520746.55415368 6.13407516 -3.37359810 1.28890228 0.00000000 0.00000000 0.00000000 1.00000000
1679520746.60396433 6.09610224 -3.16041350 1.29470241 0.00000000 0.00000000 0.00000000 1.00000000
1679520746.65404510 6.05390215 -2.94867325 1.30237901 0.00000000 0.00000000 0.00000000 1.00000000
1679520746.70403194 6.00852966 -2.73810387 1.30976450 0.00000000 0.00000000 0.00000000 1.00000000
1679520746.75412869 5.97326612 -2.52530217 1.31782281 0.00000000 0.00000000 0.00000000 1.00000000
1679520746.80416059 5.93748856 -2.31311154 1.32552624 0.00000000 0.00000000 0.00000000 1.00000000
1679520746.85536098 5.89808178 -2.10267448 1.33561814 0.00000000 0.00000000 0.00000000 1.00000000
1679520746.90417838 5.85534811 -1.89445210 1.34542048 0.00000000 0.00000000 0.00000000 1.00000000
1679520746.95429420 5.82192612 -1.68383586 1.35455048 0.00000000 0.00000000 0.00000000 1.00000000
1679520747.00424266 5.78850603 -1.47445500 1.36259985 0.00000000 0.00000000 0.00000000 1.00000000
1679520747.05431008 5.75118113 -1.26933014 1.37233067 0.00000000 0.00000000 0.00000000 1.00000000
1679520747.10369396 5.70997572 -1.06458831 1.38146567 0.00000000 0.00000000 0.00000000 1.00000000
