# timestamp tx ty tz qx qy qz qw
1679432799.70954299 -1.59773219 -0.46931657 -0.37044770 0.00000000 0.00000000 0.00000000 1.00000000
1679432799.75967145 -1.59525132 -0.46621048 -0.35037512 0.00000000 0.00000000 0.00000000 1.00000000
1679432799.80964875 -1.59307861 -0.46280223 -0.32718226 0.00000000 0.00000000 0.00000000 1.00000000
1679432799.85967350 -1.59115255 -0.45939943 -0.30144125 0.00000000 0.00000000 0.00000000 1.00000000
1679432799.90968204 -1.58990812 -0.45864651 -0.27150884 0.00000000 0.00000000 0.00000000 1.00000000
1679432799.95972753 -1.58960462 -0.46063465 -0.23750012 0.00000000 0.00000000 0.00000000 1.00000000
1679432800.01070309 -1.59029317 -0.46296048 -0.20320489 0.00000000 0.00000000 0.00000000 1.00000000
1679432800.05979633 -1.59213734 -0.46586359 -0.16723707 0.00000000 0.00000000 0.00000000 1.00000000
1679432800.10989070 -1.59665847 -0.46922249 -0.12920666 0.00000000 0.00000000 0.00000000 1.00000000
1679432800.15976763 -1.60392451 -0.47336984 -0.08775123 0.00000000 0.00000000 0.00000000 1.00000000
1679432800.20999527 -1.61277616 -0.47858924 -0.04653447 0.00000000 0.00000000 0.00000000 1.00000000
1679432800.26004887 -1.62409532 -0.48484108 -0.00291440 0.00000000 0.00000000 0.00000000 1.00000000
1679432800.31013846 -1.63808358 -0.49162656 0.04028766 0.00000000 0.00000000 0.00000000 1.00000000
1679432800.36001134 -1.65435946 -0.49908915 0.08877762 0.00000000 0.00000000 0.00000000 1.00000000
1679432800.41003919 -1.67381060 -0.50716335 0.13369159 0.00000000 0.00000000 0.00000000 1.00000000
1679432800.46000528 -1.69634652 -0.51581770 0.17977422 0.00000000 0.00000000 0.00000000 1.00000000
1679432800.50998449 -1.72453082 -0.52678776 0.22448322 0.00000000 0.00000000 0.00000000 1.00000000
1679432800.56002259 -1.75782585 -0.53953135 0.27254725 0.00000000 0.00000000 0.00000000 1.00000000
1679432800.61014700 -1.79426193 -0.55189925 0.31672263 0.00000000 0.00000000 0.00000000 1.00000000
1679432800.66016293 -1.83383811 -0.56297719 0.36334950 0.00000000 0.00000000 0.00000000 1.00000000
1679432800.71021652 -1.87644684 -0.57857418 0.40757439 0.00000000 0.00000000 0.00000000 1.00000000
1679432800.76009679 -1.92216849 -0.59760070 0.45488361 0.00000000 0.00000000 0.00000000 1.00000000
1679432800.81032419 -1.97030342 -0.61394429 0.49803206 0.00000000 0.00000000 0.00000000 1.00000000
1679432800.85946727 -2.02050352 -0.62822175 0.54384476 0.00000000 0.00000000 0.00000000 1.00000000
1679432800.90946341 -2.07029152 -0.63930315 0.59171557 0.00000000 0.00000000 0.00000000 1.00000000
1679432800.95946789 -2.11914206 -0.64717954 0.64194030 0.00000000 0.00000000 0.00000000 1.00000000
1679432801.01034856 -2.16960406 -0.65274674 0.69269037 0.00000000 0.00000000 0.00000000 1.00000000
1679432801.05957103 -2.22086668 -0.65524834 0.74480009 0.00000000 0.00000000 0.00000000 1.00000000
1679432801.10958290 -2.27068925 -0.65827143 0.79545128 0.00000000 0.00000000 0.00000000 1.00000000
1679432801.15958905 -2.32044578 -0.66063207 0.84926325 0.00000000 0.00000000 0.00000000 1.00000000
1679432801.20977616 -2.36934924 -0.65936065 0.89970732 0.00000000 0.00000000 0.00000000 1.00000000
1679432801.25961971 -2.41735196 -0.65468246 0.95108140 0.00000000 0.00000000 0.00000000 1.00000000
1679432801.30973148 -2.46582651 -0.64948469 1.00542235 0.00000000 0.00000000 0.00000000 1.00000000
1679432801.35983682 -2.51399994 -0.64302391 1.06208110 0.00000000 0.00000000 0.00000000 1.00000000
1679432801.40977836 -2.56084561 -0.63285220 1.11670184 0.00000000 0.00000000 0.00000000 1.00000000
1679432801.45982456 -2.60605073 -0.61845547 1.17271042 0.00000000 0.00000000 0.00000000 1.00000000
1679432801.50991821 -2.64840484 -0.60370970 1.22800481 0.00000000 0.00000000 0.00000000 1.00000000
1679432801.55984449 -2.68857479 -0.58723837 1.28489709 0.00000000 0.00000000 0.00000000 1.00000000
1679432801.60992026 -2.72720432 -0.56727260 1.34045005 0.00000000 0.00000000 0.00000000 1.00000000
1679432801.65987158 -2.76384211 -0.54368693 1.39768350 0.00000000 0.00000000 0.00000000 1.00000000
1679432801.71002698 -2.79757428 -0.51918006 1.45600772 0.00000000 0.00000000 0.00000000 1.00000000
1679432801.75982785 -2.82846427 -0.49329960 1.51669776 0.00000000 0.00000000 0.00000000 1.00000000
1679432801.80999017 -2.85737729 -0.46440607 1.57631743 0.00000000 0.00000000 0.00000000 1.00000000
1679432801.85993433 -2.88474488 -0.43220353 1.63844585 0.00000000 0.00000000 0.00000000 1.00000000
1679432801.91011071 -2.90939283 -0.40095669 1.69843185 0.00000000 0.00000000 0.00000000 1.00000000
1679432801.95997477 -2.93213797 -0.36942813 1.76169670 0.00000000 0.00000000 0.00000000 1.00000000
1679432802.01019883 -2.95280242 -0.33491737 1.82496071 0.00000000 0.00000000 0.00000000 1.00000000
1679432802.05994868 -2.97104120 -0.29715282 1.88969946 0.00000000 0.00000000 0.00000000 1.00000000
1679432802.11034608 -2.98622823 -0.25659147 1.95671833 0.00000000 0.00000000 0.00000000 1.00000000
1679432802.16011477 -2.99852824 -0.21324225 2.02610803 0.00000000 0.00000000 0.00000000 1.00000000
1679432802.21014571 -3.00873637 -0.16702706 2.09538126 0.00000000 0.00000000 0.00000000 1.00000000
1679432802.25939322 -3.01664591 -0.11784735 2.16559386 0.00000000 0.00000000 0.00000000 1.00000000
1679432802.31017828 -3.02395272 -0.06494196 2.23778391 0.00000000 0.00000000 0.00000000 1.00000000
1679432802.35953760 -3.03156996 -0.00763828 2.31097889 0.00000000 0.00000000 0.00000000 1.00000000
1679432802.40958095 -3.03770566 0.05325022 2.38262439 0.00000000 0.00000000 0.00000000 1.00000000
1679432802.45942712 -3.04253435 0.11935233 2.45511460 0.00000000 0.00000000 0.00000000 1.00000000
1679432802.50954533 -3.04695654 0.19159964 2.52839375 0.00000000 0.00000000 0.00000000 1.00000000
1679432802.55947399 -3.05111456 0.26888460 2.60159659 0.00000000 0.00000000 0.00000000 1.00000000
1679432802.60961485 -3.05446005 0.35142148 2.67373157 0.00000000 0.00000000 0.00000000 1.00000000
1679432802.65944242 -3.05722356 0.43687594 2.74332404 0.00000000 0.00000000 0.00000000 1.00000000
1679432802.70963144 -3.05934095 0.52552998 2.80893946 0.00000000 0.00000000 0.00000000 1.00000000
1679432802.75961471 -3.06066132 0.61644363 2.87139821 0.00000000 0.00000000 0.00000000 1.00000000
1679432802.80972075 -3.06072927 0.71240628 2.93313265 0.00000000 0.00000000 0.00000000 1.00000000
1679432802.85960007 -3.05964160 0.80943912 2.99216270 0.00000000 0.00000000 0.00000000 1.00000000
1679432802.90977407 -3.05734062 0.90981275 3.05055356 0.00000000 0.00000000 0.00000000 1.00000000
1679432802.95975685 -3.05389905 1.01160038 3.10658717 0.00000000 0.00000000 0.00000000 1.00000000
1679432803.00976968 -3.04855180 1.11758590 3.16309309 0.00000000 0.00000000 0.00000000 1.00000000
1679432803.06175041 -3.04065967 1.23293471 3.22168350 0.00000000 0.00000000 0.00000000 1.00000000
1679432803.10988617 -3.03049541 1.33713865 3.27399254 0.00000000 0.00000000 0.00000000 1.00000000
1679432803.15981460 -3.01543331 1.44976914 3.32798553 0.00000000 0.00000000 0.00000000 1.00000000
1679432803.20990396 -2.99792385 1.56528497 3.38105035 0.00000000 0.00000000 0.00000000 1.00000000
1679432803.25973654 -2.97851586 1.68336987 3.43248630 0.00000000 0.00000000 0.00000000 1.00000000
1679432803.30996490 -2.95735526 1.80533600 3.48392844 0.00000000 0.00000000 0.00000000 1.00000000
1679432803.35986900 -2.93442631 1.93121111 3.53281069 0.00000000 0.00000000 0.00000000 1.00000000
1679432803.41000605 -2.90995049 2.05958724 3.58170819 0.00000000 0.00000000 0.00000000 1.00000000
1679432803.45986724 -2.88385129 2.19053578 3.62914920 0.00000000 0.00000000 0.00000000 1.00000000
1679432803.51002264 -2.85429549 2.32384896 3.67609000 0.00000000 0.00000000 0.00000000 1.00000000
1679432803.55995822 -2.82183933 2.45939231 3.72163010 0.00000000 0.00000000 0.00000000 1.00000000
1679432803.61003947 -2.78882122 2.59772420 3.76701665 0.00000000 0.00000000 0.00000000 1.00000000
1679432803.65923929 -2.75563478 2.73869467 3.81092381 0.00000000 0.00000000 0.00000000 1.00000000
1679432803.70944357 -2.72038293 2.88213086 3.85490561 0.00000000 0.00000000 0.00000000 1.00000000
1679432803.75944400 -2.68353224 3.02785969 3.89786196 0.00000000 0.00000000 0.00000000 1.00000000
1679432803.80950761 -2.64719892 3.17644310 3.93984365 0.00000000 0.00000000 0.00000000 1.00000000
1679432803.85944414 -2.61210728 3.32616663 3.97994947 0.00000000 0.00000000 0.00000000 1.00000000
1679432803.90942597 -2.57452083 3.47780061 4.02166080 0.00000000 0.00000000 0.00000000 1.00000000
1679432803.95952916 -2.53512621 3.62973738 4.06249380 0.00000000 0.00000000 0.00000000 1.00000000
1679432804.01035309 -2.49734426 3.78334570 4.10057163 0.00000000 0.00000000 0.00000000 1.00000000
1679432804.05948830 -2.46081734 3.94312310 4.13773727 0.00000000 0.00000000 0.00000000 1.00000000
1679432804.10948801 -2.42273426 4.10181427 4.17486000 0.00000000 0.00000000 0.00000000 1.00000000
1679432804.15946364 -2.38309550 4.26108265 4.21143341 0.00000000 0.00000000 0.00000000 1.00000000
1679432804.20961642 -2.34567380 4.42353582 4.24870157 0.00000000 0.00000000 0.00000000 1.00000000
1679432804.25956726 -2.31075239 4.58890772 4.28505898 0.00000000 0.00000000 0.00000000 1.00000000
1679432804.30969000 -2.27995610 4.75810623 4.32009029 0.00000000 0.00000000 0.00000000 1.00000000
1679432804.35951090 -2.25259256 4.93456125 4.35316038 0.00000000 0.00000000 0.00000000 1.00000000
1679432804.40972710 -2.22801185 5.11377621 4.38602638 0.00000000 0.00000000 0.00000000 1.00000000
1679432804.45967531 -2.20645976 5.29378748 4.41780472 0.00000000 0.00000000 0.00000000 1.00000000
1679432804.50990295 -2.18815446 5.47731495 4.45087433 0.00000000 0.00000000 0.00000000 1.00000000
1679432804.55959988 -2.17323875 5.66247654 4.48402834 0.00000000 0.00000000 0.00000000 1.00000000
1679432804.60979462 -2.16131592 5.84990072 4.52003527 0.00000000 0.00000000 0.00000000 1.00000000
1679432804.65970254 -2.15264058 6.03952360 4.55594826 0.00000000 0.00000000 0.00000000 1.00000000
1679432804.70974898 -2.14612675 6.23161221 4.59413671 0.00000000 0.00000000 0.00000000 1.00000000
1679432804.75977802 -2.14176011 6.42609024 4.63164759 0.00000000 0.00000000 0.00000000 1.00000000
1679432804.80993438 -2.14068508 6.62279415 4.66983080 0.00000000 0.00000000 0.00000000 1.00000000
1679432804.86202025 -2.14323258 6.83110189 4.70832396 0.00000000 0.00000000 0.00000000 1.00000000
1679432804.90990949 -2.14874911 7.02166986 4.74418926 0.00000000 0.00000000 0.00000000 1.00000000
1679432804.95988631 -2.15829396 7.22384453 4.78028297 0.00000000 0.00000000 0.00000000 1.00000000
1679432805.01114225 -2.17089415 7.42776728 4.81794500 0.00000000 0.00000000 0.00000000 1.00000000
1679432805.06128526 -2.18639255 7.63362408 4.85491467 0.00000000 0.00000000 0.00000000 1.00000000
1679432805.10931993 -2.20378852 7.84111071 4.89282322 0.00000000 0.00000000 0.00000000 1.00000000
1679432805.15934634 -2.22295117 8.05039310 4.92917252 0.00000000 0.00000000 0.00000000 1.00000000
1679432805.20937037 -2.24509978 8.26112938 4.96681976 0.00000000 0.00000000 0.00000000 1.00000000
1679432805.25924873 -2.27042937 8.47322464 5.00366163 0.00000000 0.00000000 0.00000000 1.00000000
1679432805.30938125 -2.29659009 8.68243027 5.03991222 0.00000000 0.00000000 0.00000000 1.00000000
1679432805.35929418 -2.32454920 8.89279652 5.07560539 0.00000000 0.00000000 0.00000000 1.00000000
1679432805.40942693 -2.35569549 9.10479069 5.11184835 0.00000000 0.00000000 0.00000000 1.00000000
1679432805.45930839 -2.38995552 9.31806755 5.14718485 0.00000000 0.00000000 0.00000000 1.00000000
1679432805.50945258 -2.42651606 9.53410721 5.18233156 0.00000000 0.00000000 0.00000000 1.00000000
1679432805.55940533 -2.46511316 9.75293350 5.21570587 0.00000000 0.00000000 0.00000000 1.00000000
1679432805.60956979 -2.50710225 9.97277737 5.24951792 0.00000000 0.00000000 0.00000000 1.00000000
1679432805.65949512 -2.55219817 10.19384098 5.28264046 0.00000000 0.00000000 0.00000000 1.00000000
1679432805.70954800 -2.59851837 10.41548443 5.31774282 0.00000000 0.00000000 0.00000000 1.00000000
1679432805.75960040 -2.64646864 10.63752079 5.35179090 0.00000000 0.00000000 0.00000000 1.00000000
1679432805.80947566 -2.69767809 10.86078644 5.38750458 0.00000000 0.00000000 0.00000000 1.00000000
1679432805.85946465 -2.75205588 11.08245182 5.42235518 0.00000000 0.00000000 0.00000000 1.00000000
1679432805.90965247 -2.81252074 11.30581951 5.45766497 0.00000000 0.00000000 0.00000000 1.00000000
1679432805.95969748 -2.87788248 11.52614403 5.49139643 0.00000000 0.00000000 0.00000000 1.00000000
1679432806.00966811 -2.94693351 11.74988270 5.52515888 0.00000000 0.00000000 0.00000000 1.00000000
1679432806.05963087 -3.01915693 11.97458744 5.55804920 0.00000000 0.00000000 0.00000000 1.00000000
1679432806.10974741 -3.09268093 12.19736385 5.59048462 0.00000000 0.00000000 0.00000000 1.00000000
1679432806.15972114 -3.16719484 12.41867924 5.62189579 0.00000000 0.00000000 0.00000000 1.00000000
1679432806.20974469 -3.24542499 12.64099407 5.65375757 0.00000000 0.00000000 0.00000000 1.00000000
1679432806.25976515 -3.32702351 12.86424255 5.68508053 0.00000000 0.00000000 0.00000000 1.00000000
1679432806.31083417 -3.41187096 13.08734608 5.71629286 0.00000000 0.00000000 0.00000000 1.00000000
1679432806.35984993 -3.50002909 13.31005383 5.74662066 0.00000000 0.00000000 0.00000000 1.00000000
1679432806.40995812 -3.58998942 13.53181934 5.77761459 0.00000000 0.00000000 0.00000000 1.00000000
1679432806.45909500 -3.68351102 13.75706768 5.80847263 0.00000000 0.00000000 0.00000000 1.00000000
1679432806.50998425 -3.77702165 13.98638821 5.83828354 0.00000000 0.00000000 0.00000000 1.00000000
1679432806.55995250 -3.86865568 14.21524334 5.86661816 0.00000000 0.00000000 0.00000000 1.00000000
1679432806.60928512 -3.96305394 14.44508553 5.89474010 0.00000000 0.00000000 0.00000000 1.00000000
1679432806.65914965 -4.05966806 14.67630959 5.92242479 0.00000000 0.00000000 0.00000000 1.00000000
1679432806.71003413 -4.15842295 14.90764809 5.95078659 0.00000000 0.00000000 0.00000000 1.00000000
1679432806.75914741 -4.25787687 15.13698769 5.97855473 0.00000000 0.00000000 0.00000000 1.00000000
1679432806.80954075 -4.36016226 15.37005520 6.00650501 0.00000000 0.00000000 0.00000000 1.00000000
1679432806.85939336 -4.46454620 15.60476494 6.03387022 0.00000000 0.00000000 0.00000000 1.00000000
1679432806.91019344 -4.57081795 15.84103680 6.06086493 0.00000000 0.00000000 0.00000000 1.00000000
1679432806.95938945 -4.67848969 16.07695770 6.08481503 0.00000000 0.00000000 0.00000000 1.00000000
1679432807.01036382 -4.78674126 16.31248474 6.10870838 0.00000000 0.00000000 0.00000000 1.00000000
1679432807.05956078 -4.89608335 16.54747963 6.13109589 0.00000000 0.00000000 0.00000000 1.00000000
1679432807.10952473 -5.00735617 16.78262901 6.15211582 0.00000000 0.00000000 0.00000000 1.00000000
1679432807.15952015 -5.12029552 17.01727104 6.17091131 0.00000000 0.00000000 0.00000000 1.00000000
1679432807.20973182 -5.23327112 17.24979591 6.19037867 0.00000000 0.00000000 0.00000000 1.00000000
1679432807.25961256 -5.34457779 17.47776794 6.20878887 0.00000000 0.00000000 0.00000000 1.00000000
1679432807.30971193 -5.45333338 17.70348930 6.22641373 0.00000000 0.00000000 0.00000000 1.00000000
1679432807.35949564 -5.55750895 17.92219543 6.24229670 0.00000000 0.00000000 0.00000000 1.00000000
1679432807.40970898 -5.66288137 18.14112663 6.25867748 0.00000000 0.00000000 0.00000000 1.00000000
1679432807.45952940 -5.76513290 18.35094833 6.27358580 0.00000000 0.00000000 0.00000000 1.00000000
1679432807.50985098 -5.86323071 18.55514717 6.28642750 0.00000000 0.00000000 0.00000000 1.00000000
1679432807.56179404 -5.96223068 18.76363945 6.29804850 0.00000000 0.00000000 0.00000000 1.00000000
1679432807.60993767 -6.04839039 18.94276619 6.30964565 0.00000000 0.00000000 0.00000000 1.00000000
1679432807.65968156 -6.13961935 19.12842178 6.32102060 0.00000000 0.00000000 0.00000000 1.00000000
1679432807.70980167 -6.22886276 19.30278778 6.33026743 0.00000000 0.00000000 0.00000000 1.00000000
1679432807.75983930 -6.31572819 19.46667099 6.33818007 0.00000000 0.00000000 0.00000000 1.00000000
1679432807.80984735 -6.40024376 19.62383080 6.34639645 0.00000000 0.00000000 0.00000000 1.00000000
1679432807.85976052 -6.48448944 19.77721405 6.35417938 0.00000000 0.00000000 0.00000000 1.00000000
1679432807.90986037 -6.56525517 19.92262650 6.35940790 0.00000000 0.00000000 0.00000000 1.00000000
1679432807.95986176 -6.64288330 20.05989075 6.36259079 0.00000000 0.00000000 0.00000000 1.00000000
1679432808.01090169 -6.71839666 20.19163513 6.36407709 0.00000000 0.00000000 0.00000000 1.00000000
1679432808.06084323 -6.79227304 20.31827164 6.36486006 0.00000000 0.00000000 0.00000000 1.00000000
1679432808.11007524 -6.86341619 20.43320465 6.36365175 0.00000000 0.00000000 0.00000000 1.00000000
1679432808.15930319 -6.93257427 20.53853226 6.36244726 0.00000000 0.00000000 0.00000000 1.00000000
1679432808.20933294 -6.99854422 20.63716125 6.35999775 0.00000000 0.00000000 0.00000000 1.00000000
1679432808.25935912 -7.06241465 20.73172760 6.35789728 0.00000000 0.00000000 0.00000000 1.00000000
1679432808.31025171 -7.12371159 20.82043839 6.35494089 0.00000000 0.00000000 0.00000000 1.00000000
1679432808.35950112 -7.18363619 20.89837074 6.35166502 0.00000000 0.00000000 0.00000000 1.00000000
1679432808.40942359 -7.24081278 20.97124672 6.34797335 0.00000000 0.00000000 0.00000000 1.00000000
1679432808.45939589 -7.29504490 21.03952026 6.34554338 0.00000000 0.00000000 0.00000000 1.00000000
1679432808.50938439 -7.34771538 21.10053253 6.34291124 0.00000000 0.00000000 0.00000000 1.00000000
1679432808.55954385 -7.39874554 21.15506554 6.34210968 0.00000000 0.00000000 0.00000000 1.00000000
1679432808.60948038 -7.44681931 21.20580482 6.34069681 0.00000000 0.00000000 0.00000000 1.00000000
1679432808.65946388 -7.49214220 21.25285912 6.34083033 0.00000000 0.00000000 0.00000000 1.00000000
1679432808.70955539 -7.53426695 21.29287529 6.34100151 0.00000000 0.00000000 0.00000000 1.00000000
1679432808.75959778 -7.57400656 21.32760048 6.34306097 0.00000000 0.00000000 0.00000000 1.00000000
1679432808.80965424 -7.61045647 21.36050987 6.34492350 0.00000000 0.00000000 0.00000000 1.00000000
1679432808.85955572 -7.64378977 21.39210892 6.34823227 0.00000000 0.00000000 0.00000000 1.00000000
1679432808.90958667 -7.67320299 21.42301559 6.35030365 0.00000000 0.00000000 0.00000000 1.00000000
1679432808.95956230 -7.69900513 21.45305443 6.35286856 0.00000000 0.00000000 0.00000000 1.00000000
1679432809.00975513 -7.72183323 21.48230934 6.35317755 0.00000000 0.00000000 0.00000000 1.00000000
1679432809.05953503 -7.74157333 21.51063728 6.35395384 0.00000000 0.00000000 0.00000000 1.00000000
1679432809.11083889 -7.75905657 21.53645515 6.35330296 0.00000000 0.00000000 0.00000000 1.00000000
1679432809.15962934 -7.77427959 21.56015396 6.35322046 0.00000000 0.00000000 0.00000000 1.00000000
1679432809.20983505 -7.78710890 21.58436584 6.35169649 0.00000000 0.00000000 0.00000000 1.00000000
1679432809.25974226 -7.79777241 21.60863495 6.35125971 0.00000000 0.00000000 0.00000000 1.00000000
1679432809.30990052 -7.81059027 21.63252640 6.34934616 0.00000000 0.00000000 0.00000000 1.00000000
1679432809.35975957 -7.82531643 21.65591431 6.34846973 0.00000000 0.00000000 0.00000000 1.00000000
1679432809.40985918 -7.83788586 21.67987061 6.34664011 0.00000000 0.00000000 0.00000000 1.00000000
1679432809.45975757 -7.84865332 21.70435143 6.34620142 0.00000000 0.00000000 0.00000000 1.00000000
1679432809.50992298 -7.86129904 21.72999001 6.34319258 0.00000000 0.00000000 0.00000000 1.00000000
1679432809.55917525 -7.87542677 21.75664330 6.34030914 0.00000000 0.00000000 0.00000000 1.00000000
1679432809.60933328 -7.88771200 21.78354836 6.33803606 0.00000000 0.00000000 0.00000000 1.00000000
1679432809.65918088 -7.89819336 21.81072044 6.33780146 0.00000000 0.00000000 0.00000000 1.00000000
1679432809.71001768 -7.90764141 21.83889771 6.33800745 0.00000000 0.00000000 0.00000000 1.00000000
1679432809.75932884 -7.91615677 21.86793709 6.33941317 0.00000000 0.00000000 0.00000000 1.00000000
1679432809.80943775 -7.92329741 21.89719009 6.33976746 0.00000000 0.00000000 0.00000000 1.00000000
1679432809.85932946 -7.92926216 21.92676353 6.34182262 0.00000000 0.00000000 0.00000000 1.00000000
1679432809.90949202 -7.93613720 21.95647621 6.34283113 0.00000000 0.00000000 0.00000000 1.00000000
1679432809.95929527 -7.94376659 21.98643494 6.34510374 0.00000000 0.00000000 0.00000000 1.00000000
1679432810.01032519 -7.95029020 22.01693153 6.34804201 0.00000000 0.00000000 0.00000000 1.00000000
1679432810.05937195 -7.95591736 22.04817963 6.35288906 0.00000000 0.00000000 0.00000000 1.00000000
1679432810.10957313 -7.96125603 22.08114433 6.35621500 0.00000000 0.00000000 0.00000000 1.00000000
1679432810.15949750 -7.96654558 22.11533165 6.36007261 0.00000000 0.00000000 0.00000000 1.00000000
1679432810.20954704 -7.97105932 22.15040398 6.36505508 0.00000000 0.00000000 0.00000000 1.00000000
1679432810.25960565 -7.97500801 22.18616486 6.37219524 0.00000000 0.00000000 0.00000000 1.00000000
1679432810.30944848 -7.98054790 22.22296906 6.37946177 0.00000000 0.00000000 0.00000000 1.00000000
1679432810.35953999 -7.98737621 22.26063919 6.38803625 0.00000000 0.00000000 0.00000000 1.00000000
1679432810.40963531 -7.99359322 22.29898643 6.39764500 0.00000000 0.00000000 0.00000000 1.00000000
1679432810.45949173 -7.99945498 22.33795929 6.40924311 0.00000000 0.00000000 0.00000000 1.00000000
1679432810.50977468 -8.00482655 22.37760735 6.42177963 0.00000000 0.00000000 0.00000000 1.00000000
1679432810.55952454 -8.01037121 22.41976547 6.43415165 0.00000000 0.00000000 0.00000000 1.00000000
1679432810.60970807 -8.01558876 22.46195030 6.44592667 0.00000000 0.00000000 0.00000000 1.00000000
1679432810.65957737 -8.02076912 22.50497437 6.45922232 0.00000000 0.00000000 0.00000000 1.00000000
1679432810.70986176 -8.02778435 22.54954147 6.47278118 0.00000000 0.00000000 0.00000000 1.00000000
1679432810.75966001 -8.03627968 22.59640694 6.48784876 0.00000000 0.00000000 0.00000000 1.00000000
1679432810.80978727 -8.04446411 22.64364243 6.50301170 0.00000000 0.00000000 0.00000000 1.00000000
1679432810.85892487 -8.05247307 22.69131851 6.51940250 0.00000000 0.00000000 0.00000000 1.00000000
1679432810.90984607 -8.06148148 22.73931122 6.53491974 0.00000000 0.00000000 0.00000000 1.00000000
1679432810.95905280 -8.07129478 22.78789520 6.55169582 0.00000000 0.00000000 0.00000000 1.00000000
1679432811.01099467 -8.08124447 22.83740616 6.56854820 0.00000000 0.00000000 0.00000000 1.00000000
1679432811.05928898 -8.09132290 22.88792229 6.58655357 0.00000000 0.00000000 0.00000000 1.00000000
1679432811.10993195 -8.09905148 22.94127655 6.60518217 0.00000000 0.00000000 0.00000000 1.00000000
1679432811.15918469 -8.10513783 22.99736023 6.62503719 0.00000000 0.00000000 0.00000000 1.00000000
1679432811.20930839 -8.11237240 23.05450249 6.64390230 0.00000000 0.00000000 0.00000000 1.00000000
1679432811.25915480 -8.12063789 23.11291122 6.66356087 0.00000000 0.00000000 0.00000000 1.00000000
1679432811.30932379 -8.12853146 23.16975021 6.68382502 0.00000000 0.00000000 0.00000000 1.00000000
1679432811.35928559 -8.13634396 23.22578049 6.70555305 0.00000000 0.00000000 0.00000000 1.00000000
1679432811.40934229 -8.14577103 23.28434181 6.72678328 0.00000000 0.00000000 0.00000000 1.00000000
1679432811.45931435 -8.15671349 23.34548759 6.74897480 0.00000000 0.00000000 0.00000000 1.00000000
1679432811.50933838 -8.16922092 23.41105461 6.77183104 0.00000000 0.00000000 0.00000000 1.00000000
1679432811.56137967 -8.18408871 23.48356819 6.79758406 0.00000000 0.00000000 0.00000000 1.00000000
1679432811.60957932 -8.19905949 23.55219650 6.82065678 0.00000000 0.00000000 0.00000000 1.00000000
1679432811.65944958 -8.21661377 23.62673187 6.84603119 0.00000000 0.00000000 0.00000000 1.00000000
1679432811.70939207 -8.23576927 23.70728302 6.87078524 0.00000000 0.00000000 0.00000000 1.00000000
1679432811.75936270 -8.25650024 23.79338646 6.89631653 0.00000000 0.00000000 0.00000000 1.00000000
1679432811.80952191 -8.27893639 23.88158417 6.92210960 0.00000000 0.00000000 0.00000000 1.00000000
1679432811.85947108 -8.30307388 23.97200584 6.94906235 0.00000000 0.00000000 0.00000000 1.00000000
1679432811.90960312 -8.32952404 24.06695938 6.97605467 0.00000000 0.00000000 0.00000000 1.00000000
1679432811.95953727 -8.35813332 24.16623497 7.00401068 0.00000000 0.00000000 0.00000000 1.00000000
1679432812.01057744 -8.38802338 24.26770020 7.03173208 0.00000000 0.00000000 0.00000000 1.00000000
1679432812.05951738 -8.41920185 24.37135887 7.06052828 0.00000000 0.00000000 0.00000000 1.00000000
1679432812.10952759 -8.45142555 24.47974586 7.08813429 0.00000000 0.00000000 0.00000000 1.00000000
1679432812.15963054 -8.48503971 24.59441376 7.11664772 0.00000000 0.00000000 0.00000000 1.00000000
1679432812.20969272 -8.51985741 24.71081352 7.14583063 0.00000000 0.00000000 0.00000000 1.00000000
1679432812.25965786 -8.55537033 24.82792282 7.17607403 0.00000000 0.00000000 0.00000000 1.00000000
1679432812.30978322 -8.59131813 24.94861603 7.20762539 0.00000000 0.00000000 0.00000000 1.00000000
1679432812.35971308 -8.62756157 25.07173538 7.24089241 0.00000000 0.00000000 0.00000000 1.00000000
1679432812.40897274 -8.66508389 25.19684792 7.27393961 0.00000000 0.00000000 0.00000000 1.00000000
1679432812.45897222 -8.70354939 25.32411385 7.30820322 0.00000000 0.00000000 0.00000000 1.00000000
1679432812.50986695 -8.74105835 25.45526505 7.34362650 0.00000000 0.00000000 0.00000000 1.00000000
1679432812.55916715 -8.77799797 25.58996391 7.38106203 0.00000000 0.00000000 0.00000000 1.00000000
1679432812.60906529 -8.81615829 25.72639084 7.41864967 0.00000000 0.00000000 0.00000000 1.00000000
1679432812.65907121 -8.85538673 25.86464119 7.45726347 0.00000000 0.00000000 0.00000000 1.00000000
1679432812.70908046 -8.89294529 26.00496864 7.49688244 0.00000000 0.00000000 0.00000000 1.00000000
1679432812.75910783 -8.93026924 26.15134048 7.53909445 0.00000000 0.00000000 0.00000000 1.00000000
1679432812.80919218 -8.96862411 26.29784393 7.58146143 0.00000000 0.00000000 0.00000000 1.00000000
1679432812.86105943 -9.01079178 26.45308495 7.62713957 0.00000000 0.00000000 0.00000000 1.00000000
1679432812.90910125 -9.04909515 26.59539795 7.66799879 0.00000000 0.00000000 0.00000000 1.00000000
1679432812.95927477 -9.09032345 26.74641609 7.71176863 0.00000000 0.00000000 0.00000000 1.00000000
1679432813.01025295 -9.13308334 26.89904785 7.75573349 0.00000000 0.00000000 0.00000000 1.00000000
1679432813.05936956 -9.17650414 27.05195999 7.80009174 0.00000000 0.00000000 0.00000000 1.00000000
1679432813.10943103 -9.21993828 27.20870781 7.84425259 0.00000000 0.00000000 0.00000000 1.00000000
1679432813.15926695 -9.26325703 27.36754417 7.88870668 0.00000000 0.00000000 0.00000000 1.00000000
1679432813.20958257 -9.30805492 27.52815628 7.93446255 0.00000000 0.00000000 0.00000000 1.00000000
1679432813.25937009 -9.35402012 27.69053650 7.98127222 0.00000000 0.00000000 0.00000000 1.00000000
1679432813.30958438 -9.39929676 27.85553551 8.02852058 0.00000000 0.00000000 0.00000000 1.00000000
1679432813.35949039 -9.44390678 28.02312660 8.07630062 0.00000000 0.00000000 0.00000000 1.00000000
1679432813.40964103 -9.48989296 28.19238472 8.12573242 0.00000000 0.00000000 0.00000000 1.00000000
1679432813.45941806 -9.53746319 28.36326599 8.17609406 0.00000000 0.00000000 0.00000000 1.00000000
1679432813.50967121 -9.58388233 28.53613472 8.22657967 0.00000000 0.00000000 0.00000000 1.00000000
1679432813.55959153 -9.62890053 28.70912170 8.27731705 0.00000000 0.00000000 0.00000000 1.00000000
1679432813.60971475 -9.67628670 28.88545227 8.32935333 0.00000000 0.00000000 0.00000000 1.00000000
1679432813.65966606 -9.72428989 29.06182671 8.38138676 0.00000000 0.00000000 0.00000000 1.00000000
1679432813.70967865 -9.77490234 29.24570847 8.43488598 0.00000000 0.00000000 0.00000000 1.00000000
1679432813.75969052 -9.82590294 29.42952728 8.48747635 0.00000000 0.00000000 0.00000000 1.00000000
1679432813.80900741 -9.87849331 29.61641502 8.54189110 0.00000000 0.00000000 0.00000000 1.00000000
1679432813.85966754 -9.93216228 29.80451393 8.59680271 0.00000000 0.00000000 0.00000000 1.00000000
1679432813.90916443 -9.98562241 29.99316597 8.65229702 0.00000000 0.00000000 0.00000000 1.00000000
1679432813.95898128 -10.03883839 30.18267059 8.70816612 0.00000000 0.00000000 0.00000000 1.00000000
1679432814.00990748 -10.09324169 30.37360382 8.76475334 0.00000000 0.00000000 0.00000000 1.00000000
1679432814.05900168 -10.14898205 30.56580544 8.82161522 0.00000000 0.00000000 0.00000000 1.00000000
1679432814.10904384 -10.20592022 30.76005745 8.87864590 0.00000000 0.00000000 0.00000000 1.00000000
1679432814.15901136 -10.26341820 30.95412636 8.93389225 0.00000000 0.00000000 0.00000000 1.00000000
1679432814.20911503 -10.32245350 31.15124702 8.99062061 0.00000000 0.00000000 0.00000000 1.00000000
1679432814.25911784 -10.38199711 31.34959221 9.04743862 0.00000000 0.00000000 0.00000000 1.00000000
1679432814.30911970 -10.44108963 31.55007172 9.10557556 0.00000000 0.00000000 0.00000000 1.00000000
1679432814.35920119 -10.49837208 31.74899864 9.16280079 0.00000000 0.00000000 0.00000000 1.00000000
1679432814.40930104 -10.55643463 31.94933319 9.22076225 0.00000000 0.00000000 0.00000000 1.00000000
1679432814.45920777 -10.61539650 32.15088654 9.27871895 0.00000000 0.00000000 0.00000000 1.00000000
1679432814.50930166 -10.67261696 32.35151672 9.33718872 0.00000000 0.00000000 0.00000000 1.00000000
1679432814.55918670 -10.72931385 32.55535889 9.39578819 0.00000000 0.00000000 0.00000000 1.00000000
1679432814.60930133 -10.78699970 32.76020432 9.45741367 0.00000000 0.00000000 0.00000000 1.00000000
1679432814.65931439 -10.84523582 32.96614456 9.51926327 0.00000000 0.00000000 0.00000000 1.00000000
1679432814.70940208 -10.90163231 33.17142487 9.58139133 0.00000000 0.00000000 0.00000000 1.00000000
1679432814.75933266 -10.95675945 33.37606049 9.64274311 0.00000000 0.00000000 0.00000000 1.00000000
1679432814.80936980 -11.01254559 33.58203506 9.70526886 0.00000000 0.00000000 0.00000000 1.00000000
1679432814.85936594 -11.06928349 33.78899765 9.76745987 0.00000000 0.00000000 0.00000000 1.00000000
1679432814.90951538 -11.12692451 33.99746704 9.82940197 0.00000000 0.00000000 0.00000000 1.00000000
1679432814.95955205 -11.18530941 34.20727158 9.88945484 0.00000000 0.00000000 0.00000000 1.00000000
1679432815.01061130 -11.24382877 34.41546249 9.94900894 0.00000000 0.00000000 0.00000000 1.00000000
1679432815.05951762 -11.30295467 34.62666321 10.00830173 0.00000000 0.00000000 0.00000000 1.00000000
1679432815.10972881 -11.36008739 34.83625031 10.06611061 0.00000000 0.00000000 0.00000000 1.00000000
1679432815.15886045 -11.41675949 35.05079651 10.12401295 0.00000000 0.00000000 0.00000000 1.00000000
1679432815.20972157 -11.47370815 35.26377869 10.17930698 0.00000000 0.00000000 0.00000000 1.00000000
1679432815.25901413 -11.53134155 35.47737885 10.23379898 0.00000000 0.00000000 0.00000000 1.00000000
1679432815.31068540 -11.58619308 35.69081497 10.28754902 0.00000000 0.00000000 0.00000000 1.00000000
1679432815.35894728 -11.63999176 35.90805054 10.34029198 0.00000000 0.00000000 0.00000000 1.00000000
1679432815.40903378 -11.69456100 36.12579346 10.39440250 0.00000000 0.00000000 0.00000000 1.00000000
1679432815.45902681 -11.75029659 36.34384155 10.44876480 0.00000000 0.00000000 0.00000000 1.00000000
1679432815.50892591 -11.80312824 36.56022644 10.50126171 0.00000000 0.00000000 0.00000000 1.00000000
1679432815.55909324 -11.85492802 36.77931595 10.55394745 0.00000000 0.00000000 0.00000000 1.00000000
1679432815.60903835 -11.90884113 37.00102615 10.60964966 0.00000000 0.00000000 0.00000000 1.00000000
1679432815.65902686 -11.96248817 37.21902466 10.66488075 0.00000000 0.00000000 0.00000000 1.00000000
1679432815.70911670 -12.01624966 37.43992615 10.72119141 0.00000000 0.00000000 0.00000000 1.00000000
1679432815.75919628 -12.06925011 37.66162109 10.77726078 0.00000000 0.00000000 0.00000000 1.00000000
1679432815.80941796 -12.12377071 37.88371277 10.83434963 0.00000000 0.00000000 0.00000000 1.00000000
1679432815.85925007 -12.17968655 38.10614395 10.89153767 0.00000000 0.00000000 0.00000000 1.00000000
1679432815.90926147 -12.23635483 38.33009338 10.94940567 0.00000000 0.00000000 0.00000000 1.00000000
1679432815.95945883 -12.29227257 38.54876328 11.00557137 0.00000000 0.00000000 0.00000000 1.00000000
1679432816.01009202 -12.35004520 38.77043915 11.06438828 0.00000000 0.00000000 0.00000000 1.00000000
1679432816.05939674 -12.40867996 38.99288559 11.12357521 0.00000000 0.00000000 0.00000000 1.00000000
1679432816.10942769 -12.46548748 39.21534348 11.18217087 0.00000000 0.00000000 0.00000000 1.00000000
1679432816.15935946 -12.52043915 39.43817902 11.24005795 0.00000000 0.00000000 0.00000000 1.00000000
1679432816.20935082 -12.57690716 39.66158676 11.29842281 0.00000000 0.00000000 0.00000000 1.00000000
1679432816.25936341 -12.63473797 39.88549805 11.35677624 0.00000000 0.00000000 0.00000000 1.00000000
1679432816.30935788 -12.69308376 40.10987091 11.41671562 0.00000000 0.00000000 0.00000000 1.00000000
1679432816.35937142 -12.75243092 40.33442688 11.47652721 0.00000000 0.00000000 0.00000000 1.00000000
1679432816.40945721 -12.81246948 40.55966568 11.53685951 0.00000000 0.00000000 0.00000000 1.00000000
1679432816.45944834 -12.87255287 40.78316498 11.59642792 0.00000000 0.00000000 0.00000000 1.00000000
1679432816.50942659 -12.93304539 41.00894928 11.65541935 0.00000000 0.00000000 0.00000000 1.00000000
1679432816.55965686 -12.99248123 41.23257065 11.71236038 0.00000000 0.00000000 0.00000000 1.00000000
1679432816.60891008 -13.05418968 41.46146011 11.77176857 0.00000000 0.00000000 0.00000000 1.00000000
1679432816.65867043 -13.11593437 41.68866348 11.83068752 0.00000000 0.00000000 0.00000000 1.00000000
1679432816.70881939 -13.17666626 41.91668320 11.89120483 0.00000000 0.00000000 0.00000000 1.00000000
1679432816.75874662 -13.23689651 42.14513016 11.95186901 0.00000000 0.00000000 0.00000000 1.00000000
1679432816.80876827 -13.29769993 42.37420273 12.01423359 0.00000000 0.00000000 0.00000000 1.00000000
1679432816.85880065 -13.35859299 42.60160828 12.07583809 0.00000000 0.00000000 0.00000000 1.00000000
1679432816.90882325 -13.41854477 42.83097076 12.13871384 0.00000000 0.00000000 0.00000000 1.00000000
1679432816.95894766 -13.47674561 43.06040192 12.20097256 0.00000000 0.00000000 0.00000000 1.00000000
1679432817.00982261 -13.53558826 43.28811646 12.26436234 0.00000000 0.00000000 0.00000000 1.00000000
1679432817.06096029 -13.59593487 43.51868057 12.32796860 0.00000000 0.00000000 0.00000000 1.00000000
1679432817.10903120 -13.65555668 43.74770355 12.39403820 0.00000000 0.00000000 0.00000000 1.00000000
1679432817.15904212 -13.71522331 43.97528458 12.46002674 0.00000000 0.00000000 0.00000000 1.00000000
1679432817.20908332 -13.77555943 44.20388412 12.52738953 0.00000000 0.00000000 0.00000000 1.00000000
1679432817.25910306 -13.83644581 44.43344116 12.59387207 0.00000000 0.00000000 0.00000000 1.00000000
1679432817.30913138 -13.89547825 44.66421127 12.66023350 0.00000000 0.00000000 0.00000000 1.00000000
1679432817.35927200 -13.95248890 44.89611816 12.72536278 0.00000000 0.00000000 0.00000000 1.00000000
1679432817.40919805 -14.01067448 45.12858582 12.79057121 0.00000000 0.00000000 0.00000000 1.00000000
1679432817.45930076 -14.07004547 45.36159134 12.85464764 0.00000000 0.00000000 0.00000000 1.00000000
1679432817.50919795 -14.13102341 45.59502792 12.91718769 0.00000000 0.00000000 0.00000000 1.00000000
1679432817.55919671 -14.19378281 45.82876587 12.97744846 0.00000000 0.00000000 0.00000000 1.00000000
1679432817.60919738 -14.25690079 46.06320190 13.03743839 0.00000000 0.00000000 0.00000000 1.00000000
1679432817.65919900 -14.32037067 46.29809570 13.09662247 0.00000000 0.00000000 0.00000000 1.00000000
1679432817.70927763 -14.38316822 46.53186035 13.15701771 0.00000000 0.00000000 0.00000000 1.00000000
1679432817.75932980 -14.44512653 46.76496124 13.21659756 0.00000000 0.00000000 0.00000000 1.00000000
1679432817.80931258 -14.50760174 46.99875259 13.27684784 0.00000000 0.00000000 0.00000000 1.00000000
1679432817.85937309 -14.57065868 47.23312378 13.33672333 0.00000000 0.00000000 0.00000000 1.00000000
1679432817.90937138 -14.63308907 47.46530914 13.39680290 0.00000000 0.00000000 0.00000000 1.00000000
1679432817.95871258 -14.69632721 47.69976425 13.45655251 0.00000000 0.00000000 0.00000000 1.00000000
1679432818.01048589 -14.75992298 47.93468475 13.51771832 0.00000000 0.00000000 0.00000000 1.00000000
1679432818.05879498 -14.82364464 48.17024231 13.57857609 0.00000000 0.00000000 0.00000000 1.00000000
1679432818.10878015 -14.88840961 48.40649033 13.63899708 0.00000000 0.00000000 0.00000000 1.00000000
1679432818.15884089 -14.95384312 48.64331055 13.69862843 0.00000000 0.00000000 0.00000000 1.00000000
1679432818.20872808 -15.01923847 48.88047409 13.76009083 0.00000000 0.00000000 0.00000000 1.00000000
1679432818.25882030 -15.08489895 49.11780930 13.82167816 0.00000000 0.00000000 0.00000000 1.00000000
1679432818.30968881 -15.15036488 49.35538101 13.88445568 0.00000000 0.00000000 0.00000000 1.00000000
1679432818.35876250 -15.21469498 49.59263992 13.94481754 0.00000000 0.00000000 0.00000000 1.00000000
1679432818.40889716 -15.27880859 49.82772827 14.00489902 0.00000000 0.00000000 0.00000000 1.00000000
1679432818.45888066 -15.34352493 50.06550217 14.06502056 0.00000000 0.00000000 0.00000000 1.00000000
1679432818.50891566 -15.40475273 50.29951477 14.12623501 0.00000000 0.00000000 0.00000000 1.00000000
1679432818.55911827 -15.46420193 50.53469849 14.18727112 0.00000000 0.00000000 0.00000000 1.00000000
1679432818.60906768 -15.52413273 50.77043152 14.25055504 0.00000000 0.00000000 0.00000000 1.00000000
1679432818.65902805 -15.58480167 51.00640106 14.31344128 0.00000000 0.00000000 0.00000000 1.00000000
1679432818.70912313 -15.64477444 51.24324799 14.37629128 0.00000000 0.00000000 0.00000000 1.00000000
1679432818.75914049 -15.70434856 51.48072052 14.43808270 0.00000000 0.00000000 0.00000000 1.00000000
1679432818.80921412 -15.76467896 51.71815491 14.50214863 0.00000000 0.00000000 0.00000000 1.00000000
1679432818.85900164 -15.82519341 51.95585632 14.56609058 0.00000000 0.00000000 0.00000000 1.00000000
1679432818.90919924 -15.88660908 52.19084167 14.63175964 0.00000000 0.00000000 0.00000000 1.00000000
1679432818.95912433 -15.94899940 52.42345428 14.69696045 0.00000000 0.00000000 0.00000000 1.00000000
1679432819.01014900 -16.01133537 52.65707016 14.76395702 0.00000000 0.00000000 0.00000000 1.00000000
1679432819.05913854 -16.07398796 52.89123154 14.83034325 0.00000000 0.00000000 0.00000000 1.00000000
1679432819.10916853 -16.13808823 53.12579346 14.89625835 0.00000000 0.00000000 0.00000000 1.00000000
1679432819.15928674 -16.20308304 53.36071014 14.96065617 0.00000000 0.00000000 0.00000000 1.00000000
1679432819.20919943 -16.26818275 53.59608459 15.02422905 0.00000000 0.00000000 0.00000000 1.00000000
1679432819.25932813 -16.33296204 53.83200455 15.08668804 0.00000000 0.00000000 0.00000000 1.00000000
1679432819.30929017 -16.39640999 54.06904984 15.14929104 0.00000000 0.00000000 0.00000000 1.00000000
1679432819.35937333 -16.45829391 54.30450058 15.21012688 0.00000000 0.00000000 0.00000000 1.00000000
1679432819.40941525 -16.52058029 54.54262543 15.27247620 0.00000000 0.00000000 0.00000000 1.00000000
1679432819.45945072 -16.58280754 54.78100967 15.33428478 0.00000000 0.00000000 0.00000000 1.00000000
1679432819.50951052 -16.64568901 55.01945877 15.39646149 0.00000000 0.00000000 0.00000000 1.00000000
1679432819.55867076 -16.70863533 55.25807571 15.45780849 0.00000000 0.00000000 0.00000000 1.00000000
1679432819.60870814 -16.77136612 55.49689102 15.52085781 0.00000000 0.00000000 0.00000000 1.00000000
1679432819.65860462 -16.83388329 55.73583221 15.58363819 0.00000000 0.00000000 0.00000000 1.00000000
1679432819.70877910 -16.89581680 55.97520828 15.64785004 0.00000000 0.00000000 0.00000000 1.00000000
1679432819.75874662 -16.95751190 56.21458817 15.71113873 0.00000000 0.00000000 0.00000000 1.00000000
1679432819.80876923 -17.01884079 56.45409393 15.77488804 0.00000000 0.00000000 0.00000000 1.00000000
1679432819.86175752 -17.08241463 56.70316315 15.84020042 0.00000000 0.00000000 0.00000000 1.00000000
1679432819.90878916 -17.13932228 56.93194962 15.90119171 0.00000000 0.00000000 0.00000000 1.00000000
1679432819.95884609 -17.19774246 57.17378616 15.96390438 0.00000000 0.00000000 0.00000000 1.00000000
1679432820.00975156 -17.25580406 57.41299438 16.02655220 0.00000000 0.00000000 0.00000000 1.00000000
1679432820.05893612 -17.31455421 57.65431595 16.08904266 0.00000000 0.00000000 0.00000000 1.00000000
1679432820.10893703 -17.37545204 57.89580536 16.15195656 0.00000000 0.00000000 0.00000000 1.00000000
1679432820.15900040 -17.43839645 58.13729477 16.21385956 0.00000000 0.00000000 0.00000000 1.00000000
1679432820.20902824 -17.50089645 58.37859344 16.27666664 0.00000000 0.00000000 0.00000000 1.00000000
1679432820.25895190 -17.56277657 58.61975861 16.33903885 0.00000000 0.00000000 0.00000000 1.00000000
1679432820.30933118 -17.62450600 58.86049652 16.40245628 0.00000000 0.00000000 0.00000000 1.00000000
1679432820.35918474 -17.68483353 59.10027313 16.46487617 0.00000000 0.00000000 0.00000000 1.00000000
1679432820.40898800 -17.74507713 59.34003067 16.52885818 0.00000000 0.00000000 0.00000000 1.00000000
1679432820.45921326 -17.80479240 59.57722855 16.59192276 0.00000000 0.00000000 0.00000000 1.00000000
1679432820.50903225 -17.86629105 59.81554031 16.65549469 0.00000000 0.00000000 0.00000000 1.00000000
1679432820.55912971 -17.92980194 60.05487442 16.71836662 0.00000000 0.00000000 0.00000000 1.00000000
1679432820.60904455 -17.99232674 60.29215240 16.78193474 0.00000000 0.00000000 0.00000000 1.00000000
1679432820.65922594 -18.05416298 60.52975845 16.84505844 0.00000000 0.00000000 0.00000000 1.00000000
1679432820.70923591 -18.11664009 60.76755524 16.90794754 0.00000000 0.00000000 0.00000000 1.00000000
1679432820.75922465 -18.17932701 61.00554657 16.96950340 0.00000000 0.00000000 0.00000000 1.00000000
1679432820.80920696 -18.24082565 61.24141312 17.03129959 0.00000000 0.00000000 0.00000000 1.00000000
1679432820.86051178 -18.30256844 61.47983551 17.09320259 0.00000000 0.00000000 0.00000000 1.00000000
1679432820.90929079 -18.36490822 61.71954727 17.15523529 0.00000000 0.00000000 0.00000000 1.00000000
1679432820.96156526 -18.42974854 61.96989441 17.21864319 0.00000000 0.00000000 0.00000000 1.00000000
1679432821.01031542 -18.48944283 62.20098114 17.27831078 0.00000000 0.00000000 0.00000000 1.00000000
1679432821.05853701 -18.55093002 62.44155884 17.33987236 0.00000000 0.00000000 0.00000000 1.00000000
1679432821.10948062 -18.61186790 62.68228149 17.40044594 0.00000000 0.00000000 0.00000000 1.00000000
1679432821.15856576 -18.67325974 62.92053604 17.45864296 0.00000000 0.00000000 0.00000000 1.00000000
1679432821.20866084 -18.73408318 63.15922546 17.51895523 0.00000000 0.00000000 0.00000000 1.00000000
1679432821.25869370 -18.79455566 63.39817047 17.57939148 0.00000000 0.00000000 0.00000000 1.00000000
1679432821.30867052 -18.85462761 63.63455582 17.63891602 0.00000000 0.00000000 0.00000000 1.00000000
1679432821.35885978 -18.91492462 63.87324905 17.69800377 0.00000000 0.00000000 0.00000000 1.00000000
1679432821.40884852 -18.97497749 64.11216736 17.75727081 0.00000000 0.00000000 0.00000000 1.00000000
1679432821.45878220 -19.03487015 64.35127258 17.81651688 0.00000000 0.00000000 0.00000000 1.00000000
1679432821.50881624 -19.09525681 64.58667755 17.87537766 0.00000000 0.00000000 0.00000000 1.00000000
1679432821.55884767 -19.15695000 64.82335663 17.93433762 0.00000000 0.00000000 0.00000000 1.00000000
1679432821.60887313 -19.21845818 65.06057739 17.99532890 0.00000000 0.00000000 0.00000000 1.00000000
1679432821.65890741 -19.27938080 65.29837036 18.05663872 0.00000000 0.00000000 0.00000000 1.00000000
1679432821.70897198 -19.34052467 65.53622437 18.11687279 0.00000000 0.00000000 0.00000000 1.00000000
1679432821.75894141 -19.40176010 65.77408600 18.17620087 0.00000000 0.00000000 0.00000000 1.00000000
1679432821.80886507 -19.46231842 66.01250458 18.23674011 0.00000000 0.00000000 0.00000000 1.00000000
1679432821.85902143 -19.52260017 66.25126648 18.29749107 0.00000000 0.00000000 0.00000000 1.00000000
1679432821.91017556 -19.58831406 66.48860168 18.35764885 0.00000000 0.00000000 0.00000000 1.00000000
1679432821.95905948 -19.65923882 66.72911072 18.41787720 0.00000000 0.00000000 0.00000000 1.00000000
1679432822.01017094 -19.72840118 66.96992493 18.47808647 0.00000000 0.00000000 0.00000000 1.00000000
1679432822.05914021 -19.79619598 67.21080780 18.53834343 0.00000000 0.00000000 0.00000000 1.00000000
1679432822.10905719 -19.86336136 67.45525360 18.59883881 0.00000000 0.00000000 0.00000000 1.00000000
1679432822.15924096 -19.92891884 67.69800568 18.65839577 0.00000000 0.00000000 0.00000000 1.00000000
1679432822.20920157 -19.99347305 67.94071960 18.71876907 0.00000000 0.00000000 0.00000000 1.00000000
1679432822.25922728 -20.05692673 68.18335724 18.77944565 0.00000000 0.00000000 0.00000000 1.00000000
1679432822.30921602 -20.11787224 68.42433929 18.83898735 0.00000000 0.00000000 0.00000000 1.00000000
1679432822.35853195 -20.17798996 68.66793823 18.89838409 0.00000000 0.00000000 0.00000000 1.00000000
1679432822.41048813 -20.23706245 68.91150665 18.95939827 0.00000000 0.00000000 0.00000000 1.00000000
1679432822.45858455 -20.29568863 69.15480042 19.02091980 0.00000000 0.00000000 0.00000000 1.00000000
1679432822.50860167 -20.35439682 69.39695740 19.08313560 0.00000000 0.00000000 0.00000000 1.00000000
1679432822.55866694 -20.41298103 69.63825989 19.14500427 0.00000000 0.00000000 0.00000000 1.00000000
1679432822.60863638 -20.47093010 69.87960052 19.20704460 0.00000000 0.00000000 0.00000000 1.00000000
1679432822.65849423 -20.52859497 70.12083435 19.26918221 0.00000000 0.00000000 0.00000000 1.00000000
1679432822.70865750 -20.58669090 70.36179352 19.33143425 0.00000000 0.00000000 0.00000000 1.00000000
1679432822.75858951 -20.64463234 70.59991455 19.39246750 0.00000000 0.00000000 0.00000000 1.00000000
1679432822.80876136 -20.70291901 70.84028625 19.45405579 0.00000000 0.00000000 0.00000000 1.00000000
1679432822.85865426 -20.76066589 71.08087921 19.51576424 0.00000000 0.00000000 0.00000000 1.00000000
1679432822.90879798 -20.81780815 71.32240295 19.57782745 0.00000000 0.00000000 0.00000000 1.00000000
1679432822.95880866 -20.87448692 71.56459045 19.63988304 0.00000000 0.00000000 0.00000000 1.00000000
1679432823.00973248 -20.93103790 71.80667114 19.70201492 0.00000000 0.00000000 0.00000000 1.00000000
1679432823.05876064 -20.98743057 72.04878235 19.76428032 0.00000000 0.00000000 0.00000000 1.00000000
1679432823.10891104 -21.04381943 72.28768158 19.82479286 0.00000000 0.00000000 0.00000000 1.00000000
1679432823.15873766 -21.10092545 72.52835083 19.88504982 0.00000000 0.00000000 0.00000000 1.00000000
1679432823.20894384 -21.15789032 72.76922607 19.94613838 0.00000000 0.00000000 0.00000000 1.00000000
1679432823.25882554 -21.21487617 73.01022339 20.00791931 0.00000000 0.00000000 0.00000000 1.00000000
1679432823.30901790 -21.27253342 73.24879456 20.06922722 0.00000000 0.00000000 0.00000000 1.00000000
1679432823.35892081 -21.33180809 73.48970795 20.13088036 0.00000000 0.00000000 0.00000000 1.00000000
1679432823.40892768 -21.39106750 73.73068237 20.19128609 0.00000000 0.00000000 0.00000000 1.00000000
1679432823.45892954 -21.44995880 73.97176361 20.25195694 0.00000000 0.00000000 0.00000000 1.00000000
1679432823.50895095 -21.51377106 74.21253967 20.31175232 0.00000000 0.00000000 0.00000000 1.00000000
1679432823.55900812 -21.58194351 74.45295715 20.37132645 0.00000000 0.00000000 0.00000000 1.00000000
1679432823.60907125 -21.64885330 74.69362640 20.43113708 0.00000000 0.00000000 0.00000000 1.00000000
1679432823.65907383 -21.71448708 74.93447876 20.49173164 0.00000000 0.00000000 0.00000000 1.00000000
1679432823.70916390 -21.77899742 75.17893219 20.55191994 0.00000000 0.00000000 0.00000000 1.00000000
1679432823.75902557 -21.84092140 75.41961670 20.61086082 0.00000000 0.00000000 0.00000000 1.00000000
1679432823.80917788 -21.90276337 75.66269684 20.66998672 0.00000000 0.00000000 0.00000000 1.00000000
1679432823.85850859 -21.96409225 75.90557098 20.72989082 0.00000000 0.00000000 0.00000000 1.00000000
1679432823.90864372 -22.02570152 76.14730072 20.78898430 0.00000000 0.00000000 0.00000000 1.00000000
1679432823.95835900 -22.08715630 76.38814545 20.84839821 0.00000000 0.00000000 0.00000000 1.00000000
1679432824.01040387 -22.14817047 76.62918854 20.90958786 0.00000000 0.00000000 0.00000000 1.00000000
1679432824.05851507 -22.20890808 76.87025452 20.97206497 0.00000000 0.00000000 0.00000000 1.00000000
1679432824.10852933 -22.26892281 77.11114502 21.03304482 0.00000000 0.00000000 0.00000000 1.00000000
1679432824.15844107 -22.32837105 77.35166168 21.09369087 0.00000000 0.00000000 0.00000000 1.00000000
1679432824.20861340 -22.38718224 77.58992004 21.15434074 0.00000000 0.00000000 0.00000000 1.00000000
1679432824.25859785 -22.44621658 77.83082581 21.21673393 0.00000000 0.00000000 0.00000000 1.00000000
1679432824.30866981 -22.50342751 78.07071686 21.27937508 0.00000000 0.00000000 0.00000000 1.00000000
1679432824.35862684 -22.55916405 78.30967712 21.34234810 0.00000000 0.00000000 0.00000000 1.00000000
1679432824.40865231 -22.61456299 78.54674530 21.40332985 0.00000000 0.00000000 0.00000000 1.00000000
1679432824.45873642 -22.67126656 78.78903961 21.46612167 0.00000000 0.00000000 0.00000000 1.00000000
1679432824.50884175 -22.72776031 79.02957153 21.52838135 0.00000000 0.00000000 0.00000000 1.00000000
1679432824.55865335 -22.78418922 79.27072906 21.59085083 0.00000000 0.00000000 0.00000000 1.00000000
